# r2% [m],q [m^3/s per m]
0.465705,1.5395e-52
0.461612,4.0325e-53
0.424457,4.8171e-59
0.435702,4.4296e-57
0.727526,4.8788e-30
0.443393,1.4536e-55
0.481898,9.4596e-50
0.489558,1.6478e-48
0.490090,3.1109e-48
0.668792,1.3144e-32
0.682828,1.1156e-31
0.685999,2.1066e-31
0.513408,5.9652e-45
0.516426,1.4895e-44
0.531382,6.4129e-43
0.879274,5.7131e-23
0.904255,3.7322e-22
0.927644,1.8873e-21
0.645765,1.8540e-33
0.668640,5.5684e-32
0.708997,1.2796e-29
0.823929,1.8257e-24
0.868496,8.7673e-23
0.877728,2.3715e-22
0.792197,3.3853e-25
1.383939,8.7546e-13
1.527774,2.6357e-11
1.498757,1.6475e-11
1.484721,1.1910e-11
0.868951,4.2097e-22
1.239494,3.2828e-14
1.446240,1.7954e-11
1.481278,1.0818e-10
1.662805,5.9362e-09
1.307538,1.2339e-11
2.263174,2.8673e-06
2.176776,1.1699e-06
2.136173,5.1989e-07
2.132817,3.1595e-07
2.078398,1.2780e-07
2.018321,4.6048e-08
1.341855,4.4639e-13
2.080878,7.2825e-08
1.984299,2.8901e-08
1.976520,2.6733e-08
1.706412,1.8967e-09
1.561203,1.6045e-10
1.463437,2.0923e-11
1.387336,3.2715e-12
1.287815,2.3223e-13
1.229133,3.8853e-14
1.166484,9.6902e-15
1.150149,5.2749e-15
1.139776,3.8218e-15
1.128112,2.4844e-15
1.123071,2.2688e-15
1.146297,6.1265e-15
1.145279,6.1888e-15
1.140459,5.0993e-15
1.098696,9.5469e-16
1.070050,2.7393e-16
1.044413,8.0849e-17
1.078568,3.7060e-16
1.055084,1.2513e-16
1.021626,2.2455e-17
1.065921,8.2164e-17
1.097387,1.9358e-16
1.128183,5.3215e-16
1.158122,1.5608e-15
1.191511,4.9857e-15
1.169265,2.1168e-15
1.141731,6.5550e-16
1.112951,1.7110e-16
1.212605,3.0219e-13
1.635572,2.8250e-09
2.555559,6.4567e-06
2.618745,1.0626e-05
2.677423,1.6303e-05
2.756659,2.8147e-05
2.821428,4.4471e-05
2.792802,4.4813e-05
2.903302,9.1439e-05
3.045380,2.0254e-04
3.269263,5.6643e-04
3.561112,1.7623e-03
3.888967,4.8701e-03
4.130909,1.2095e-02
4.484871,2.9594e-02
4.842326,6.0665e-02
1.920984,1.6745e-04
1.917716,2.3110e-04
1.895821,1.5143e-04
1.550985,5.9553e-06
1.522770,1.6773e-06
1.350558,5.9543e-08
1.304151,7.1237e-09
1.146612,6.5504e-11
1.137436,1.8245e-11
1.235469,9.8453e-11
1.327937,4.0105e-10
1.301054,1.2826e-10
1.273398,3.6330e-11
1.246905,1.0517e-11
1.105436,9.9358e-14
1.907329,2.0579e-07
0.634505,1.6036e-32
0.648103,1.3231e-31
0.662400,6.6850e-31
0.808941,2.4695e-24
0.968787,1.4229e-19
0.992782,6.1222e-19
1.025235,4.2865e-18
0.879188,1.1984e-21
0.896811,4.3408e-21
1.437727,5.3524e-12
1.314714,2.2786e-13
1.340998,4.3885e-13
1.319449,2.3228e-13
1.232994,1.6502e-14
1.220002,1.1421e-14
1.191428,4.1681e-15
1.288270,9.1464e-14
1.304815,1.6845e-13
1.334060,5.2397e-13
1.345676,9.7620e-13
1.328579,7.7662e-13
1.345306,1.2757e-12
1.390385,4.4677e-12
1.530638,1.2182e-10
1.448225,3.8879e-11
1.432813,3.5714e-11
1.451769,6.1011e-11
1.478823,1.2792e-10
1.583054,9.3570e-10
1.555947,6.2725e-10
1.536102,3.4781e-10
1.550504,6.8651e-10
1.540247,4.3598e-10
1.547829,4.8239e-10
0.691511,2.4019e-27
1.537822,1.6574e-10
1.492733,5.6283e-11
1.481829,4.5597e-11
1.468393,2.5250e-11
1.403635,3.5136e-12
1.347751,4.5215e-13
1.308787,2.5126e-13
1.312088,3.1048e-13
1.267370,7.8793e-14
1.248033,3.9822e-14
1.195598,5.5068e-15
1.117416,4.4900e-16
1.099515,1.8954e-16
1.051269,2.0474e-17
1.039575,1.3039e-17
0.992494,8.4891e-19
1.001200,1.8375e-18
0.999344,2.5122e-18
1.020525,5.6445e-18
1.012894,3.9623e-18
1.002860,3.5377e-18
0.982294,1.4460e-18
0.895021,4.2217e-21
0.830301,1.3366e-23
0.763326,1.2257e-26
0.748429,1.3709e-27
0.719460,1.3389e-29
0.706489,3.9036e-31
0.627826,4.3319e-37
0.549127,2.7069e-44
0.489250,9.5323e-51
0.486522,1.5667e-51
0.485884,2.0988e-51
0.481843,2.3568e-52
0.417087,1.1578e-63
0.345508,2.1320e-82
0.254586,1.8513e-113
0.147632,1.8186e-229
0.126976,6.1108e-255
0.240616,2.0836e-112
0.261162,2.6659e-101
0.375364,9.2901e-64
0.334617,1.6052e-72
0.325299,4.3865e-74
0.324051,3.0953e-75
0.321422,6.1690e-76
0.320516,1.3419e-76
0.317009,5.2903e-78
0.313362,3.4405e-79
0.313017,2.6759e-79
0.311785,1.0358e-79
0.346828,2.0723e-69
0.346361,1.3849e-69
0.322623,5.1285e-76
0.355704,4.7970e-67
0.359062,3.7585e-66
0.362137,2.1958e-65
0.366620,3.5968e-64
0.371579,6.8099e-63
0.386421,1.1051e-59
0.382307,2.7500e-60
0.383268,6.7170e-60
0.425465,2.3437e-52
0.391275,4.7792e-58
0.433317,6.0127e-51
0.437860,3.4980e-50
0.443526,2.8697e-49
0.449167,1.8385e-48
0.455823,1.4340e-47
0.447470,1.1397e-48
0.540563,2.2395e-38
0.503809,7.2946e-42
0.546664,8.8890e-38
0.536352,1.1917e-38
0.537894,1.7932e-38
0.554933,5.7307e-37
0.613687,1.2731e-32
0.588603,2.5612e-34
0.589665,3.2841e-34
0.598011,1.3696e-33
0.527689,3.0610e-39
0.698145,9.5745e-28
0.691496,4.6200e-28
0.753303,3.0477e-25
0.738114,7.5914e-26
0.693058,7.0390e-28
0.752514,3.6147e-25
0.769517,1.7966e-24
0.798188,2.3706e-23
0.928628,2.4130e-19
0.989128,8.2826e-18
1.154389,1.1165e-14
1.201810,7.4516e-14
0.579302,3.5308e-33
1.428648,4.7470e-11
1.510499,3.2022e-10
1.574640,1.3325e-09
1.420345,1.1600e-10
0.816714,2.3964e-20
1.150699,2.0622e-13
1.352727,6.1419e-11
1.245776,5.7408e-12
1.219425,1.8127e-12
1.068646,6.7205e-15
1.033707,7.5518e-16
0.885235,1.8964e-19
0.822807,1.4117e-21
0.767299,9.2025e-24
0.661150,9.8203e-29
0.626623,7.6918e-31
0.601408,1.4008e-32
0.526509,1.3987e-38
0.564564,1.7402e-35
0.541131,1.5571e-37
0.527375,6.5126e-39
0.566008,8.7055e-36
0.452298,1.7442e-47
0.446477,2.1317e-48
0.481665,4.5429e-44
0.476477,9.9127e-45
0.473825,4.5765e-45
0.471629,2.3313e-45
0.470497,1.5765e-45
0.467870,6.8459e-46
0.467566,5.5608e-46
0.463682,1.6427e-46
1.212605,3.0219e-13
1.635572,2.8250e-09
2.555559,6.4567e-06
2.618745,1.0626e-05
2.677423,1.6303e-05
2.756659,2.8147e-05
2.821428,4.4471e-05
2.792802,4.4813e-05
2.903302,9.1439e-05
3.045380,2.0254e-04
3.269263,5.6643e-04
3.561112,1.7623e-03
3.888967,4.8701e-03
4.130909,1.2095e-02
4.484871,2.9594e-02
4.842326,6.0665e-02
1.920984,1.6745e-04
1.917716,2.3110e-04
1.895821,1.5143e-04
1.550985,5.9553e-06
1.522770,1.6773e-06
1.350558,5.9543e-08
1.304151,7.1237e-09
1.146612,6.5504e-11
1.137436,1.8245e-11
1.235469,9.8453e-11
1.327937,4.0105e-10
1.301054,1.2826e-10
1.273398,3.6330e-11
1.246905,1.0517e-11
1.105436,9.9358e-14
1.907329,2.0579e-07
0.294470,1.1663e-84
0.299345,1.0074e-82
0.298471,6.7330e-83
0.299642,2.2227e-82
0.304338,9.7232e-81
0.336672,5.8529e-71
0.340962,9.6719e-70
0.349298,1.4005e-67
0.345901,2.4555e-68
0.349354,2.0249e-67
0.352621,1.3302e-66
0.356841,1.4249e-65
0.391372,2.9655e-58
0.393593,9.1944e-58
0.398525,7.6687e-57
0.404930,9.5657e-56
0.406373,1.5068e-55
0.421144,3.9507e-53
0.381105,2.9742e-60
0.424416,1.4183e-52
0.477541,2.5867e-45
0.495631,3.1363e-43
0.500357,1.0776e-42
0.524500,3.1856e-40
0.529111,9.1470e-40
0.475290,2.1898e-45
0.581388,3.0778e-35
0.644754,6.3139e-31
0.647241,1.0303e-30
0.728666,1.7700e-26
0.901542,2.3248e-20
1.240211,2.3218e-14
1.187344,4.0291e-15
1.237502,4.5780e-14
1.301302,3.5902e-13
1.366511,2.3553e-12
1.422606,1.0366e-11
1.496267,5.9070e-11
1.518043,1.0246e-10
1.523161,1.2223e-10
1.546333,2.0343e-10
1.502379,9.0080e-11
1.421215,1.6988e-11
1.386762,7.8557e-12
1.388537,8.2469e-12
1.427470,2.0510e-11
1.494182,8.8288e-11
1.606960,7.3420e-10
1.717892,4.2320e-09
1.834782,2.0707e-08
1.883105,5.6611e-08
1.945572,9.1534e-08
2.136928,5.2448e-07
2.151100,6.0094e-07
2.179119,1.1038e-06
2.219156,4.5123e-06
1.184639,7.0278e-11
1.827413,7.7718e-06
2.168348,2.4571e-04
2.142676,1.6964e-04
1.860062,1.0069e-05
1.333226,3.7997e-09
1.857181,8.6512e-07
1.107825,4.0049e-13
1.063822,1.8408e-14
1.508117,6.2953e-10
1.450329,1.3376e-10
0.798149,6.6004e-22
1.234519,3.4728e-13
1.053407,4.0513e-16
0.897672,1.0267e-19
0.746156,7.4832e-25
0.710163,1.4572e-26
0.645523,5.0963e-30
1.660639,1.8298e-10
1.989329,2.1493e-08
0.818563,1.1236e-23
1.182642,8.3410e-15
1.101659,7.9731e-16
1.159048,1.0039e-14
0.778534,9.6964e-24
1.159688,1.4176e-14
1.158090,1.9901e-14
1.257334,6.9735e-13
1.148253,3.2288e-14
2.456999,6.2418e-06
2.370376,3.3269e-06
2.436998,5.1931e-06
1.126385,1.3256e-14
2.608409,1.4309e-05
2.612283,1.5035e-05
2.292266,3.0752e-06
2.170799,1.2283e-06
2.119095,8.2055e-07
2.173891,1.4327e-06
2.247797,2.7660e-06
2.458823,8.8917e-06
2.575762,1.7218e-05
2.671144,3.2272e-05
2.714496,4.4979e-05
2.760827,6.3740e-05
2.808796,8.6861e-05
2.765542,7.2250e-05
2.814294,8.2736e-05
2.799006,6.9524e-05
2.775143,5.4501e-05
2.711317,3.2839e-05
2.689598,2.4345e-05
2.721282,2.5923e-05
1.172297,7.4199e-14
2.730463,3.0380e-05
1.089078,8.2421e-15
1.210881,6.5100e-13
1.207194,5.0870e-13
2.696187,2.3717e-05
1.995518,1.1679e-07
1.514696,4.7794e-11
1.415234,3.6236e-12
1.637929,3.3746e-10
1.822894,6.5676e-09
1.749766,4.2516e-09
1.694679,2.0055e-09
1.636320,7.9995e-10
1.415923,7.8193e-12
1.357217,9.2948e-13
1.315622,1.7375e-13
1.237558,1.1457e-14
1.181371,1.4484e-15
1.117805,1.1441e-16
1.094847,4.7339e-17
1.077447,2.3213e-17
1.065724,1.2649e-17
1.012417,2.0201e-18
0.979126,2.9152e-19
0.951632,4.7986e-20
0.957030,4.4779e-20
0.958634,2.8604e-20
0.941725,6.1463e-21
0.970248,3.1799e-20
0.969130,2.9983e-20
0.955149,3.4770e-20
0.942590,1.5376e-20
0.903510,1.2049e-21
0.839795,8.7106e-24
0.765411,6.6698e-27
0.699800,2.9454e-30
0.612713,5.3875e-36
0.021769,0.0000e+00
0.028758,0.0000e+00
0.039648,0.0000e+00
0.046690,0.0000e+00
0.053926,0.0000e+00
0.062733,0.0000e+00
0.067279,0.0000e+00
0.070040,0.0000e+00
0.072592,0.0000e+00
0.074715,0.0000e+00
0.084268,0.0000e+00
0.086791,0.0000e+00
0.089072,0.0000e+00
0.091493,0.0000e+00
0.094122,0.0000e+00
0.094267,0.0000e+00
0.094773,0.0000e+00
0.096962,0.0000e+00
0.098620,0.0000e+00
0.100508,0.0000e+00
0.102043,0.0000e+00
0.104670,3.9525e-323
0.105053,1.0425e-321
0.106489,2.9273e-316
0.108218,8.5256e-310
0.116273,2.0827e-282
0.129798,4.5987e-245
0.133943,3.0259e-235
0.136715,5.4915e-229
0.138938,3.3552e-224
0.140879,3.7043e-220
0.142576,9.9435e-217
0.145710,1.2230e-210
0.149225,3.9339e-204
0.151285,2.6880e-200
0.152908,2.9894e-197
0.155210,3.8932e-193
0.157006,6.0512e-190
0.174656,2.2564e-165
0.176145,2.6841e-163
0.178374,2.1150e-160
0.181796,2.6514e-156
0.184976,1.1331e-152
0.187923,1.8721e-149
0.184071,2.4285e-153
0.186872,2.5908e-150
0.191348,9.7937e-146
0.195255,5.7658e-142
0.197991,1.9301e-139
0.222061,2.2948e-120
0.226432,2.1932e-117
0.232476,1.8504e-113
0.238024,4.5477e-110
0.243638,8.1338e-107
0.250128,2.6685e-103
0.257910,2.4012e-99
0.267622,8.6831e-95
0.276978,1.0136e-90
0.286299,5.9908e-87
0.323567,2.0612e-74
0.345271,1.5854e-68
0.360066,5.6603e-65
0.371939,2.4806e-62
0.381068,1.9788e-60
0.390964,1.9057e-58
0.399119,6.9396e-57
0.410056,6.8499e-55
0.414862,5.2802e-54
0.424995,2.8045e-52
0.436883,2.1773e-50
0.443800,2.6622e-49
0.457106,2.0014e-47
0.513756,6.7228e-41
1.109797,6.6091e-16
1.128800,1.4591e-15
1.141356,2.4376e-15
1.164564,5.9021e-15
1.192888,1.6252e-14
1.209754,2.9612e-14
1.232112,6.2161e-14
1.249077,1.0866e-13
1.273398,2.2709e-13
1.303468,5.3912e-13
1.201653,2.6992e-14
1.224675,5.8467e-14
1.243461,1.0709e-13
1.252911,1.4892e-13
1.245629,1.2540e-13
1.277034,3.2090e-13
1.287712,4.3747e-13
1.314156,9.0710e-13
1.337648,1.6963e-12
1.366263,3.5673e-12
1.394966,7.3806e-12
1.397249,8.2062e-12
1.408451,1.0987e-11
1.426172,1.6810e-11
1.448151,2.7520e-11
1.457356,3.4441e-11
1.438937,2.4468e-11
0.799540,8.1119e-23
0.790404,4.3487e-23
0.966532,4.6425e-18
0.968574,5.3448e-18
0.798576,9.6258e-23
0.969102,5.2321e-18
0.976327,7.2398e-18
1.082602,8.4868e-16
0.742882,6.4407e-25
0.742814,6.2474e-25
0.751270,1.2989e-24
0.746771,7.8909e-25
0.739360,3.5717e-25
0.664052,9.0707e-29
0.657642,3.6035e-29
0.652597,1.7208e-29
0.638029,2.2283e-30
0.899714,5.3186e-20
0.886366,2.0169e-20
0.874721,8.4197e-21
0.850069,1.3502e-21
0.780746,5.0777e-24
0.864473,2.8754e-21
0.777738,3.0749e-24
0.765961,9.5622e-25
0.741353,8.5159e-26
0.726834,1.7649e-26
0.707593,2.0090e-27
0.691528,2.7388e-28
0.671508,2.0346e-29
0.588788,9.7620e-35
0.570680,3.2763e-36
0.546871,2.8883e-38
0.481159,5.8983e-45
0.467093,1.0384e-46
0.406603,1.2369e-55
0.348624,1.2970e-67
0.343168,4.8921e-69
0.323390,1.6291e-74
0.303688,8.4608e-81
0.286288,3.2820e-87
0.258766,2.6478e-99
0.251363,3.7502e-103
0.239657,9.9133e-110
0.229029,2.3346e-116
0.218236,7.4767e-124
0.191729,2.4311e-146
0.187075,3.7042e-151
0.198954,7.9084e-140
0.191041,2.0444e-147
0.182250,8.6682e-157
0.175060,3.1422e-165
0.168016,2.0804e-174
0.161792,3.2754e-183
0.136591,5.7936e-228
0.132753,1.5177e-236
1.212605,3.0219e-13
1.635572,2.8250e-09
2.555559,6.4567e-06
2.618745,1.0626e-05
2.677423,1.6303e-05
2.756659,2.8147e-05
2.821428,4.4471e-05
2.792802,4.4813e-05
2.903302,9.1439e-05
3.045380,2.0254e-04
3.269263,5.6643e-04
3.561112,1.7623e-03
3.888967,4.8701e-03
4.130909,1.2095e-02
4.484871,2.9594e-02
4.842326,6.0665e-02
1.920984,1.6745e-04
1.917716,2.3110e-04
1.895821,1.5143e-04
1.550985,5.9553e-06
1.522770,1.6773e-06
1.350558,5.9543e-08
1.304151,7.1237e-09
1.146612,6.5504e-11
1.137436,1.8245e-11
1.235469,9.8453e-11
1.327937,4.0105e-10
1.301054,1.2826e-10
1.273398,3.6330e-11
1.246905,1.0517e-11
1.105436,9.9358e-14
1.907329,2.0579e-07
1.873406,7.1773e-08
1.891308,1.0992e-07
1.932804,1.9282e-07
2.008826,5.2307e-07
2.049842,8.7995e-07
2.086878,1.4042e-06
2.093390,1.6575e-06
2.119291,1.9259e-06
2.141153,2.2843e-06
2.166953,3.0771e-06
2.193238,4.2591e-06
2.240909,6.2393e-06
1.552643,1.3122e-08
2.295004,7.6104e-06
2.318692,1.0058e-05
2.352512,1.3037e-05
2.394344,1.7036e-05
2.442213,2.3449e-05
2.459131,2.7073e-05
2.426540,2.4173e-05
2.437242,2.6529e-05
2.447747,2.7816e-05
2.479570,3.3102e-05
2.456467,2.9283e-05
2.357293,1.7200e-05
2.377514,1.8815e-05
2.395455,2.0682e-05
2.450371,2.7758e-05
2.501769,3.8219e-05
2.546947,5.2530e-05
2.573332,8.2398e-05
2.636709,1.3511e-04
2.759745,2.8776e-04
2.916211,6.9282e-04
3.093282,1.7717e-03
3.241855,4.6526e-03
3.496446,1.2060e-02
3.718388,2.4860e-02
3.863899,4.2928e-02
3.658859,4.7442e-02
3.765193,6.4926e-02
3.536179,6.7115e-02
3.710785,1.0449e-01
3.525370,1.2292e-01
1.715304,9.3345e-03
1.970725,4.4924e-02
2.055800,1.2008e-01
2.359615,2.6735e-01
3.238715,6.3257e-01
3.545474,1.0574e+00
3.220818,1.4264e+00
3.238257,1.4986e+00
2.892980,9.8985e-01
2.812956,4.8151e-01
3.450247,4.2843e-01
3.075145,2.2351e-01
3.001621,1.3010e-01
2.902041,7.2582e-02
2.838531,3.5536e-02
2.781787,1.6917e-02
2.700725,7.4347e-03
2.399017,1.5147e-03
2.353845,6.0545e-04
2.265683,1.9328e-04
2.231325,7.7844e-05
1.981426,8.0434e-06
1.928907,2.7548e-06
1.912351,1.3718e-06
1.869961,5.7870e-07
1.668306,4.1197e-08
1.625697,1.5110e-08
1.586719,5.9795e-09
1.555703,2.6626e-09
1.522065,1.1152e-09
1.507538,6.2691e-10
1.485900,3.0472e-10
1.462353,1.4296e-10
1.311598,3.6861e-12
1.283430,1.2277e-12
1.252418,3.5525e-13
1.110069,2.2114e-15
1.058728,1.8468e-16
1.017019,1.9564e-17
0.970068,1.3349e-18
0.906822,2.5822e-20
0.782439,1.7821e-24
0.750369,6.6953e-26
0.719170,2.0937e-27
0.824608,6.8696e-27
0.771374,4.6338e-29
0.798683,1.0874e-27
0.615031,3.9075e-38
0.543699,2.8555e-44
0.580547,2.9947e-40
0.955015,2.5500e-21
0.869342,1.3082e-23
0.748343,3.6393e-28
0.759895,1.3534e-27
0.777510,9.7375e-27
0.756074,1.4403e-27
0.736521,2.7494e-28
0.709088,2.6536e-29
0.683844,1.8061e-30
0.691726,4.8903e-30
0.697872,6.3984e-30
0.691999,1.6266e-30
0.813385,3.8724e-25
0.639255,8.1564e-34
0.699093,3.5214e-30
0.810103,5.0424e-25
0.966325,3.6580e-20
1.124334,7.6118e-17
0.965157,2.6010e-20
0.935691,5.0767e-21
1.193360,1.0983e-15
1.193691,1.0159e-15
1.420148,9.9939e-13
1.222927,6.2164e-15
0.966037,1.3876e-19
0.849358,8.9575e-23
0.877137,2.9441e-22
1.371002,2.5847e-13
0.800580,4.0581e-26
1.157339,8.5134e-17
1.034922,1.9019e-19
0.908519,9.7249e-24
0.837346,2.7617e-27
0.541039,6.7834e-49
0.452945,5.1783e-63
0.420656,1.2891e-70
0.396321,2.1825e-74
0.370974,6.6014e-78
0.341300,1.2695e-83
0.305080,1.3566e-94
0.296376,1.0102e-97
0.291677,2.0269e-99
0.167949,1.2024e-203
0.175551,2.1210e-196
0.168331,7.7452e-211
0.155500,1.9335e-234
0.146009,7.4392e-253
0.147267,1.3920e-249
0.127430,3.2596e-301
0.121438,9.6639e-321
0.111373,0.0000e+00
0.105091,0.0000e+00
0.098364,0.0000e+00
0.088589,0.0000e+00
0.086746,0.0000e+00
0.086647,0.0000e+00
0.085438,0.0000e+00
0.110582,0.0000e+00
0.137700,5.8985e-267
0.158303,3.2492e-227
0.138563,7.8149e-271
0.116911,0.0000e+00
0.090269,0.0000e+00
0.090656,0.0000e+00
0.089037,0.0000e+00
0.092817,0.0000e+00
0.091561,0.0000e+00
0.294470,1.1663e-84
0.299345,1.0074e-82
0.298471,6.7330e-83
0.299642,2.2227e-82
0.304338,9.7232e-81
0.336672,5.8529e-71
0.340962,9.6719e-70
0.349298,1.4005e-67
0.345901,2.4555e-68
0.349354,2.0249e-67
0.352621,1.3302e-66
0.356841,1.4249e-65
0.391372,2.9655e-58
0.393593,9.1944e-58
0.398525,7.6687e-57
0.404930,9.5657e-56
0.406373,1.5068e-55
0.421144,3.9507e-53
0.381105,2.9742e-60
0.424416,1.4183e-52
0.477541,2.5867e-45
0.495631,3.1363e-43
0.500357,1.0776e-42
0.524500,3.1856e-40
0.529111,9.1470e-40
0.475290,2.1898e-45
0.581388,3.0778e-35
0.644754,6.3139e-31
0.647241,1.0303e-30
0.728666,1.7700e-26
0.901542,2.3248e-20
1.240211,2.3218e-14
1.187344,4.0291e-15
1.237502,4.5780e-14
1.301302,3.5902e-13
1.366511,2.3553e-12
1.422606,1.0366e-11
1.496267,5.9070e-11
1.518043,1.0246e-10
1.523161,1.2223e-10
1.546333,2.0343e-10
1.502379,9.0080e-11
1.421215,1.6988e-11
1.386762,7.8557e-12
1.388537,8.2469e-12
1.427470,2.0510e-11
1.494182,8.8288e-11
1.606960,7.3420e-10
1.717892,4.2320e-09
1.834782,2.0707e-08
1.883105,5.6611e-08
1.945572,9.1534e-08
2.136928,5.2448e-07
2.151100,6.0094e-07
2.179119,1.1038e-06
2.219156,4.5123e-06
1.184639,7.0278e-11
1.827413,7.7718e-06
2.168348,2.4571e-04
2.142676,1.6964e-04
1.860062,1.0069e-05
1.333226,3.7997e-09
1.857181,8.6512e-07
1.107825,4.0049e-13
1.063822,1.8408e-14
1.508117,6.2953e-10
1.450329,1.3376e-10
0.798149,6.6004e-22
1.234519,3.4728e-13
1.053407,4.0513e-16
0.897672,1.0267e-19
0.746156,7.4832e-25
0.710163,1.4572e-26
0.645523,5.0963e-30
0.581582,2.4661e-40
0.539400,2.9404e-44
0.801830,4.3748e-27
0.548706,1.5465e-43
0.785941,4.9913e-28
0.744100,3.8105e-30
0.768708,4.7669e-29
0.752652,6.7118e-30
0.740137,1.3391e-30
0.483676,3.6476e-52
0.944383,1.0792e-22
0.959480,3.6890e-22
0.969839,1.0017e-21
1.035841,6.2980e-20
0.985526,4.0467e-21
0.955227,6.3977e-22
0.934205,1.6417e-22
0.939220,2.4812e-22
0.852235,4.8741e-25
0.785942,1.5845e-27
0.783657,2.0021e-26
0.773375,4.1746e-28
0.745526,1.2527e-29
0.879827,2.9601e-24
0.989104,5.0767e-21
0.935938,1.1168e-22
0.898336,4.0821e-24
0.859671,1.0500e-25
0.846373,2.8323e-26
0.817679,2.5549e-27
0.795680,3.0191e-28
0.857789,2.5458e-25
0.943153,1.8699e-22
1.033747,1.0232e-20
1.063979,5.8405e-20
0.379063,5.1220e-75
0.385206,9.2052e-74
0.320724,6.8463e-94
0.289831,1.6723e-107
0.259992,1.0701e-123
0.252251,1.9239e-127
0.247900,1.1084e-128
0.241591,7.8522e-132
0.238575,3.2355e-134
0.238344,1.6343e-133
0.237528,9.6751e-133
0.236892,1.2647e-132
0.120689,2.7123e-315
0.132248,6.3008e-280
0.130450,1.4863e-283
0.128351,9.1598e-288
0.126746,5.9739e-291
0.111219,0.0000e+00
0.215159,4.2247e-146
0.291743,3.2276e-98
0.229540,5.6134e-133
0.191089,4.7066e-169
0.139508,1.9744e-255
0.073651,0.0000e+00
0.069523,0.0000e+00
0.071664,0.0000e+00
0.072845,0.0000e+00
0.070586,0.0000e+00
0.067033,0.0000e+00
0.065284,0.0000e+00
0.059020,0.0000e+00
0.050012,0.0000e+00
0.047365,0.0000e+00
0.041453,0.0000e+00
0.038979,0.0000e+00
0.041633,0.0000e+00
0.028753,0.0000e+00
0.033372,0.0000e+00
0.937150,8.4018e-21
0.858104,4.4591e-23
0.846452,1.8502e-23
0.939232,1.1525e-20
1.063790,8.3822e-18
1.076088,1.7750e-17
1.025292,2.3749e-18
1.018767,2.0469e-18
1.158083,9.8200e-16
1.243294,5.5011e-14
1.295121,1.5838e-13
0.747774,1.0152e-26
1.316725,2.0104e-13
1.273216,3.7040e-14
1.099658,6.2243e-17
1.015039,3.8036e-19
1.018319,3.5539e-19
0.995884,3.4883e-19
0.948658,2.3715e-20
0.901714,5.3765e-22
0.800696,1.3309e-25
0.717832,6.2985e-29
0.649397,1.8943e-33
0.586636,1.0089e-38
0.556224,2.4563e-41
0.503123,8.0980e-47
0.452653,1.3312e-53
0.396138,1.9810e-64
0.346240,3.5131e-78
0.321365,2.1944e-86
0.301282,5.9979e-93
0.281119,4.0569e-101
0.263876,6.7091e-110
0.251746,3.7276e-116
0.242447,3.2659e-120
0.258882,8.1241e-109
0.280077,1.2099e-97
0.316632,3.3171e-83
0.433964,1.2455e-54
0.508170,2.8867e-44
0.262490,1.5524e-102
0.242207,9.4598e-114
0.276482,5.4935e-96
0.251615,4.1717e-108
0.329167,2.2196e-76
0.403817,7.8421e-59
0.469247,7.4264e-49
0.476063,4.6903e-48
0.387268,1.8391e-62
0.460598,2.0807e-50
0.496848,3.6476e-46
0.775142,1.1753e-26
0.873297,5.3684e-23
0.915242,1.3046e-21
1.030709,1.2990e-18
1.013862,5.4866e-19
1.124839,9.0369e-17
1.096994,2.6347e-17
0.913666,1.1876e-21
0.891592,1.6391e-22
0.879822,4.9748e-23
0.884641,8.8199e-23
0.932240,3.4817e-21
0.958423,2.5692e-20
1.081194,2.4225e-17
1.099505,9.2155e-17
1.118882,3.8105e-16
1.139153,1.8056e-15
1.166687,1.1082e-14
1.311662,1.6464e-12
1.336681,4.9575e-12
1.190591,9.8967e-14
1.265948,5.7700e-13
1.212605,3.0219e-13
1.635572,2.8250e-09
2.555559,6.4567e-06
2.618745,1.0626e-05
2.677423,1.6303e-05
2.756659,2.8147e-05
2.821428,4.4471e-05
2.792802,4.4813e-05
2.903302,9.1439e-05
3.045380,2.0254e-04
3.269263,5.6643e-04
3.561112,1.7623e-03
3.888967,4.8701e-03
4.130909,1.2095e-02
4.484871,2.9594e-02
4.842326,6.0665e-02
1.920984,1.6745e-04
1.917716,2.3110e-04
1.895821,1.5143e-04
1.550985,5.9553e-06
1.522770,1.6773e-06
1.350558,5.9543e-08
1.304151,7.1237e-09
1.146612,6.5504e-11
1.137436,1.8245e-11
1.235469,9.8453e-11
1.327937,4.0105e-10
1.301054,1.2826e-10
1.273398,3.6330e-11
1.246905,1.0517e-11
1.105436,9.9358e-14
1.907329,2.0579e-07
0.564980,5.9471e-37
0.505471,2.7215e-43
0.229225,9.0874e-120
0.414998,1.9446e-54
0.401166,2.1285e-56
0.373726,1.9319e-62
0.342119,2.9626e-71
0.285515,6.6389e-92
0.118916,1.0390e-293
0.110559,0.0000e+00
0.106415,0.0000e+00
0.103653,0.0000e+00
0.102588,0.0000e+00
0.102675,0.0000e+00
0.101526,0.0000e+00
0.089530,0.0000e+00
0.090738,0.0000e+00
0.181412,1.4323e-171
0.159052,2.8105e-200
0.142333,1.2101e-229
0.127114,6.8526e-266
0.079175,0.0000e+00
0.067192,0.0000e+00
0.070087,0.0000e+00
0.073712,0.0000e+00
0.070894,0.0000e+00
0.065996,0.0000e+00
0.041280,0.0000e+00
0.035248,0.0000e+00
0.032267,0.0000e+00
0.029174,0.0000e+00
0.026092,0.0000e+00
0.026148,0.0000e+00
0.030503,0.0000e+00
0.113040,1.8679e-289
0.194368,8.0858e-145
0.263483,1.0395e-98
0.173292,1.6323e-171
0.164075,3.4592e-188
0.211886,1.0127e-138
0.287573,2.0525e-95
0.369331,5.3365e-70
0.322645,3.4476e-83
0.337784,1.0769e-78
0.353295,1.1835e-74
0.271739,8.0485e-105
0.189798,3.2003e-167
0.134673,7.5246e-261
0.108439,0.0000e+00
0.101757,0.0000e+00
0.067356,0.0000e+00
0.026795,0.0000e+00
0.030413,0.0000e+00
0.025165,0.0000e+00
0.029466,0.0000e+00
0.029773,0.0000e+00
0.046087,0.0000e+00
0.042460,0.0000e+00
0.034570,0.0000e+00
0.051637,0.0000e+00
0.068751,0.0000e+00
0.082010,0.0000e+00
0.106028,0.0000e+00
0.150533,3.9050e-216
0.197143,1.2366e-152
0.225786,2.6860e-128
0.256133,1.7175e-109
0.239135,4.5490e-120
0.186969,5.5043e-166
0.161378,4.0526e-202
0.126595,1.9316e-278
0.086670,0.0000e+00
0.043885,0.0000e+00
0.126976,6.1108e-255
0.240616,2.0836e-112
0.261162,2.6659e-101
0.375364,9.2901e-64
0.334617,1.6052e-72
0.325299,4.3865e-74
0.324051,3.0953e-75
0.321422,6.1690e-76
0.320516,1.3419e-76
0.317009,5.2903e-78
0.313362,3.4405e-79
0.313017,2.6759e-79
0.311785,1.0358e-79
0.346828,2.0723e-69
0.346361,1.3849e-69
0.322623,5.1285e-76
0.355704,4.7970e-67
0.359062,3.7585e-66
0.362137,2.1958e-65
0.366620,3.5968e-64
0.371579,6.8099e-63
0.386421,1.1051e-59
0.382307,2.7500e-60
0.383268,6.7170e-60
0.425465,2.3437e-52
0.391275,4.7792e-58
0.433317,6.0127e-51
0.437860,3.4980e-50
0.443526,2.8697e-49
0.449167,1.8385e-48
0.455823,1.4340e-47
0.447470,1.1397e-48
0.540563,2.2395e-38
0.503809,7.2946e-42
0.546664,8.8890e-38
0.536352,1.1917e-38
0.537894,1.7932e-38
0.554933,5.7307e-37
0.613687,1.2731e-32
0.588603,2.5612e-34
0.589665,3.2841e-34
0.598011,1.3696e-33
0.527689,3.0610e-39
0.698145,9.5745e-28
0.691496,4.6200e-28
0.753303,3.0477e-25
0.738114,7.5914e-26
0.693058,7.0390e-28
0.752514,3.6147e-25
0.769517,1.7966e-24
0.798188,2.3706e-23
0.928628,2.4130e-19
0.989128,8.2826e-18
1.154389,1.1165e-14
1.201810,7.4516e-14
0.579302,3.5308e-33
1.428648,4.7470e-11
1.510499,3.2022e-10
1.574640,1.3325e-09
1.420345,1.1600e-10
0.816714,2.3964e-20
1.150699,2.0622e-13
1.352727,6.1419e-11
1.245776,5.7408e-12
1.219425,1.8127e-12
1.068646,6.7205e-15
1.033707,7.5518e-16
0.885235,1.8964e-19
0.822807,1.4117e-21
0.767299,9.2025e-24
0.661150,9.8203e-29
0.626623,7.6918e-31
0.601408,1.4008e-32
0.526509,1.3987e-38
0.564564,1.7402e-35
0.541131,1.5571e-37
0.527375,6.5126e-39
0.566008,8.7055e-36
0.452298,1.7442e-47
0.446477,2.1317e-48
0.481665,4.5429e-44
0.476477,9.9127e-45
0.473825,4.5765e-45
0.471629,2.3313e-45
0.470497,1.5765e-45
0.467870,6.8459e-46
0.467566,5.5608e-46
0.463682,1.6427e-46
0.126976,6.1108e-255
0.240616,2.0836e-112
0.261162,2.6659e-101
0.375364,9.2901e-64
0.334617,1.6052e-72
0.325299,4.3865e-74
0.324051,3.0953e-75
0.321422,6.1690e-76
0.320516,1.3419e-76
0.317009,5.2903e-78
0.313362,3.4405e-79
0.313017,2.6759e-79
0.311785,1.0358e-79
0.346828,2.0723e-69
0.346361,1.3849e-69
0.322623,5.1285e-76
0.355704,4.7970e-67
0.359062,3.7585e-66
0.362137,2.1958e-65
0.366620,3.5968e-64
0.371579,6.8099e-63
0.386421,1.1051e-59
0.382307,2.7500e-60
0.383268,6.7170e-60
0.425465,2.3437e-52
0.391275,4.7792e-58
0.433317,6.0127e-51
0.437860,3.4980e-50
0.443526,2.8697e-49
0.449167,1.8385e-48
0.455823,1.4340e-47
0.447470,1.1397e-48
0.540563,2.2395e-38
0.503809,7.2946e-42
0.546664,8.8890e-38
0.536352,1.1917e-38
0.537894,1.7932e-38
0.554933,5.7307e-37
0.613687,1.2731e-32
0.588603,2.5612e-34
0.589665,3.2841e-34
0.598011,1.3696e-33
0.527689,3.0610e-39
0.698145,9.5745e-28
0.691496,4.6200e-28
0.753303,3.0477e-25
0.738114,7.5914e-26
0.693058,7.0390e-28
0.752514,3.6147e-25
0.769517,1.7966e-24
0.798188,2.3706e-23
0.928628,2.4130e-19
0.989128,8.2826e-18
1.154389,1.1165e-14
1.201810,7.4516e-14
0.579302,3.5308e-33
1.428648,4.7470e-11
1.510499,3.2022e-10
1.574640,1.3325e-09
1.420345,1.1600e-10
0.816714,2.3964e-20
1.150699,2.0622e-13
1.352727,6.1419e-11
1.245776,5.7408e-12
1.219425,1.8127e-12
1.068646,6.7205e-15
1.033707,7.5518e-16
0.885235,1.8964e-19
0.822807,1.4117e-21
0.767299,9.2025e-24
0.661150,9.8203e-29
0.626623,7.6918e-31
0.601408,1.4008e-32
0.526509,1.3987e-38
0.564564,1.7402e-35
0.541131,1.5571e-37
0.527375,6.5126e-39
0.566008,8.7055e-36
0.452298,1.7442e-47
0.446477,2.1317e-48
0.481665,4.5429e-44
0.476477,9.9127e-45
0.473825,4.5765e-45
0.471629,2.3313e-45
0.470497,1.5765e-45
0.467870,6.8459e-46
0.467566,5.5608e-46
0.463682,1.6427e-46
0.064039,0.0000e+00
0.054323,0.0000e+00
0.044704,0.0000e+00
0.042672,0.0000e+00
0.036901,0.0000e+00
0.033524,0.0000e+00
0.031876,0.0000e+00
0.030928,0.0000e+00
0.031144,0.0000e+00
0.029119,0.0000e+00
0.029693,0.0000e+00
0.036971,0.0000e+00
0.027791,0.0000e+00
0.028096,0.0000e+00
0.028409,0.0000e+00
0.036164,0.0000e+00
0.081155,0.0000e+00
0.118314,2.1077e-295
0.158370,1.2692e-202
0.211690,3.5154e-139
0.227807,4.6256e-126
0.277719,2.3380e-97
0.249289,2.8221e-111
0.316077,6.0947e-82
0.318403,6.2458e-81
0.332567,1.9881e-76
0.351214,2.6081e-71
0.406158,2.4070e-59
0.427935,1.5426e-55
0.523239,4.0974e-43
0.559128,1.1181e-39
0.672130,1.5763e-31
0.695089,3.7404e-30
0.704372,1.6295e-29
0.842422,1.3845e-23
0.901338,1.1808e-21
0.929704,9.8944e-21
1.061638,1.7014e-17
1.022756,3.9812e-18
0.890922,2.3428e-21
0.763153,7.8300e-26
0.726355,1.7650e-27
0.637226,2.9357e-32
0.561038,1.2627e-37
0.534826,9.5688e-40
0.430785,7.1204e-52
0.721163,3.4237e-27
0.705926,9.7800e-28
0.673114,1.8146e-28
0.391636,1.1262e-57
0.538078,7.2561e-39
0.427249,5.3946e-52
0.383764,1.2787e-59
0.366571,2.2653e-63
0.354191,2.5803e-66
0.338592,2.7049e-70
0.330515,1.3770e-72
0.322260,3.7889e-75
0.314998,1.4709e-77
0.308780,9.8536e-80
0.302532,5.3619e-82
0.297091,3.8855e-84
0.291418,1.1494e-86
0.286562,4.8073e-89
0.279529,2.6689e-92
0.285178,4.9035e-90
0.281731,2.5129e-91
0.281194,1.7142e-91
0.318737,6.7811e-78
0.226404,5.4969e-120
0.280797,1.3278e-90
0.354919,7.3909e-67
0.429838,3.7682e-52
0.312461,5.7493e-90
0.542149,1.3773e-44
0.579440,6.6905e-41
0.693361,1.2984e-32
0.725593,9.2298e-31
0.729362,1.7717e-30
0.734861,3.6721e-30
0.675180,1.5120e-33
0.682617,3.7678e-33
0.779669,4.4164e-28
0.813291,1.5199e-26
0.842583,2.8211e-25
0.660751,6.5994e-34
0.685922,4.0862e-32
0.720091,5.6981e-30
0.747777,2.3627e-28
0.777018,8.8525e-27
1.385498,3.6541e-13
1.378951,4.1695e-13
1.360682,2.9227e-13
1.327491,1.0533e-13
1.378551,3.7625e-13
1.406847,7.5421e-13
0.898833,6.0165e-22
1.537407,1.5925e-11
1.018970,6.7428e-19
0.957047,1.2661e-20
0.910827,2.1262e-22
0.901148,2.7657e-22
0.884226,2.9285e-23
0.847822,1.2239e-24
0.861303,7.1345e-24
1.118353,8.0554e-18
1.162088,8.9908e-17
1.487581,2.2883e-12
1.524706,4.8208e-12
1.406512,2.0861e-13
1.087464,1.6799e-18
0.896322,5.0622e-23
0.801261,4.4996e-27
0.754454,7.9579e-30
0.545956,2.2790e-46
0.336259,6.9464e-87
0.526336,7.9679e-50
0.518656,2.2889e-50
0.511002,1.2824e-50
0.496367,1.1711e-51
0.468494,2.8651e-55
0.422715,3.0329e-63
0.398256,1.6329e-68
0.384616,2.4904e-71
0.372694,2.5577e-74
0.362640,1.4479e-77
0.354849,1.1761e-78
0.455934,4.4159e-56
0.557932,1.5628e-42
0.630504,6.5928e-36
0.833943,1.0022e-24
0.886645,9.6564e-23
0.517919,4.6556e-46
0.516504,4.8425e-46
0.512392,1.8895e-46
0.923701,1.9915e-21
0.504097,1.2417e-47
0.514071,9.7636e-47
0.516468,7.5230e-47
0.462577,3.7280e-54
0.433242,7.6683e-59
0.335956,1.3273e-81
0.320160,4.3567e-88
0.659742,2.3829e-34
0.629700,8.1935e-37
0.615983,5.6778e-38
0.294470,1.1663e-84
0.299345,1.0074e-82
0.298471,6.7330e-83
0.299642,2.2227e-82
0.304338,9.7232e-81
0.336672,5.8529e-71
0.340962,9.6719e-70
0.349298,1.4005e-67
0.345901,2.4555e-68
0.349354,2.0249e-67
0.352621,1.3302e-66
0.356841,1.4249e-65
0.391372,2.9655e-58
0.393593,9.1944e-58
0.398525,7.6687e-57
0.404930,9.5657e-56
0.406373,1.5068e-55
0.421144,3.9507e-53
0.381105,2.9742e-60
0.424416,1.4183e-52
0.477541,2.5867e-45
0.495631,3.1363e-43
0.500357,1.0776e-42
0.524500,3.1856e-40
0.529111,9.1470e-40
0.475290,2.1898e-45
0.581388,3.0778e-35
0.644754,6.3139e-31
0.647241,1.0303e-30
0.728666,1.7700e-26
0.901542,2.3248e-20
1.240211,2.3218e-14
1.187344,4.0291e-15
1.237502,4.5780e-14
1.301302,3.5902e-13
1.366511,2.3553e-12
1.422606,1.0366e-11
1.496267,5.9070e-11
1.518043,1.0246e-10
1.523161,1.2223e-10
1.546333,2.0343e-10
1.502379,9.0080e-11
1.421215,1.6988e-11
1.386762,7.8557e-12
1.388537,8.2469e-12
1.427470,2.0510e-11
1.494182,8.8288e-11
1.606960,7.3420e-10
1.717892,4.2320e-09
1.834782,2.0707e-08
1.883105,5.6611e-08
1.945572,9.1534e-08
2.136928,5.2448e-07
2.151100,6.0094e-07
2.179119,1.1038e-06
2.219156,4.5123e-06
1.184639,7.0278e-11
1.827413,7.7718e-06
2.168348,2.4571e-04
2.142676,1.6964e-04
1.860062,1.0069e-05
1.333226,3.7997e-09
1.857181,8.6512e-07
1.107825,4.0049e-13
1.063822,1.8408e-14
1.508117,6.2953e-10
1.450329,1.3376e-10
0.798149,6.6004e-22
1.234519,3.4728e-13
1.053407,4.0513e-16
0.897672,1.0267e-19
0.746156,7.4832e-25
0.710163,1.4572e-26
0.645523,5.0963e-30
0.294470,1.1663e-84
0.299345,1.0074e-82
0.298471,6.7330e-83
0.299642,2.2227e-82
0.304338,9.7232e-81
0.336672,5.8529e-71
0.340962,9.6719e-70
0.349298,1.4005e-67
0.345901,2.4555e-68
0.349354,2.0249e-67
0.352621,1.3302e-66
0.356841,1.4249e-65
0.391372,2.9655e-58
0.393593,9.1944e-58
0.398525,7.6687e-57
0.404930,9.5657e-56
0.406373,1.5068e-55
0.421144,3.9507e-53
0.381105,2.9742e-60
0.424416,1.4183e-52
0.477541,2.5867e-45
0.495631,3.1363e-43
0.500357,1.0776e-42
0.524500,3.1856e-40
0.529111,9.1470e-40
0.475290,2.1898e-45
0.581388,3.0778e-35
0.644754,6.3139e-31
0.647241,1.0303e-30
0.728666,1.7700e-26
0.901542,2.3248e-20
1.240211,2.3218e-14
1.187344,4.0291e-15
1.237502,4.5780e-14
1.301302,3.5902e-13
1.366511,2.3553e-12
1.422606,1.0366e-11
1.496267,5.9070e-11
1.518043,1.0246e-10
1.523161,1.2223e-10
1.546333,2.0343e-10
1.502379,9.0080e-11
1.421215,1.6988e-11
1.386762,7.8557e-12
1.388537,8.2469e-12
1.427470,2.0510e-11
1.494182,8.8288e-11
1.606960,7.3420e-10
1.717892,4.2320e-09
1.834782,2.0707e-08
1.883105,5.6611e-08
1.945572,9.1534e-08
2.136928,5.2448e-07
2.151100,6.0094e-07
2.179119,1.1038e-06
2.219156,4.5123e-06
1.184639,7.0278e-11
1.827413,7.7718e-06
2.168348,2.4571e-04
2.142676,1.6964e-04
1.860062,1.0069e-05
1.333226,3.7997e-09
1.857181,8.6512e-07
1.107825,4.0049e-13
1.063822,1.8408e-14
1.508117,6.2953e-10
1.450329,1.3376e-10
0.798149,6.6004e-22
1.234519,3.4728e-13
1.053407,4.0513e-16
0.897672,1.0267e-19
0.746156,7.4832e-25
0.710163,1.4572e-26
0.645523,5.0963e-30
1.212605,3.0219e-13
1.635572,2.8250e-09
2.555559,6.4567e-06
2.618745,1.0626e-05
2.677423,1.6303e-05
2.756659,2.8147e-05
2.821428,4.4471e-05
2.792802,4.4813e-05
2.903302,9.1439e-05
3.045380,2.0254e-04
3.269263,5.6643e-04
3.561112,1.7623e-03
3.888967,4.8701e-03
4.130909,1.2095e-02
4.484871,2.9594e-02
4.842326,6.0665e-02
1.920984,1.6745e-04
1.917716,2.3110e-04
1.895821,1.5143e-04
1.550985,5.9553e-06
1.522770,1.6773e-06
1.350558,5.9543e-08
1.304151,7.1237e-09
1.146612,6.5504e-11
1.137436,1.8245e-11
1.235469,9.8453e-11
1.327937,4.0105e-10
1.301054,1.2826e-10
1.273398,3.6330e-11
1.246905,1.0517e-11
1.105436,9.9358e-14
1.907329,2.0579e-07
0.683918,2.0968e-30
0.514674,8.7775e-43
0.538029,2.7322e-40
0.565733,6.3261e-38
0.586885,2.4506e-36
0.598968,2.3881e-35
0.882885,8.2764e-22
0.967692,2.0533e-19
1.005750,2.5796e-18
1.125468,7.2735e-16
1.245486,4.7390e-14
1.249267,5.0984e-14
1.264267,7.7305e-14
1.293426,1.7032e-13
1.350424,8.2036e-13
0.876565,2.3911e-21
0.916019,4.1678e-20
1.251668,8.6264e-14
1.400347,5.2212e-12
1.437200,1.5340e-11
1.607088,6.3394e-10
1.146287,2.7112e-14
1.067352,4.4502e-15
1.048573,3.9844e-15
2.008708,3.6090e-07
1.949628,1.4992e-07
1.032816,4.6503e-16
1.049292,8.9036e-16
1.100340,1.0391e-14
1.783642,3.5706e-08
1.553909,3.4371e-09
1.598845,1.8223e-08
1.599763,3.1790e-08
1.335696,1.1851e-10
2.063153,5.2022e-07
1.493758,1.8105e-10
1.302442,4.7484e-13
1.241203,2.2076e-14
1.267167,4.8768e-14
1.344598,1.2503e-12
1.395197,1.4895e-11
1.410007,3.7501e-11
1.391061,2.2711e-11
1.375899,1.6483e-11
1.340038,7.5163e-12
1.293152,1.5413e-12
1.238239,1.6126e-13
1.204827,3.2856e-14
1.221492,4.4149e-14
1.238264,9.0040e-14
1.296839,6.2011e-13
1.356849,3.0211e-12
1.452191,2.5864e-11
1.325449,1.0451e-12
1.255812,1.2364e-13
1.178522,9.1886e-15
1.124303,1.2788e-15
1.073732,1.2941e-16
1.035186,1.4789e-17
0.985143,2.1883e-18
0.947439,2.8021e-19
0.920895,6.0980e-20
0.900735,1.7570e-20
0.883008,5.9700e-21
0.870833,2.9848e-21
0.846602,5.4313e-22
0.829960,2.0620e-22
0.810466,6.6430e-23
0.783664,3.4125e-23
0.764299,5.9256e-24
0.744001,6.4166e-25
0.718665,3.0976e-26
0.684871,5.6107e-28
0.440947,9.5663e-60
0.444070,1.3596e-59
0.460750,4.1044e-57
0.475724,9.7020e-55
0.532805,4.7085e-47
0.593944,1.7872e-40
0.604676,6.2886e-39
0.669365,1.0893e-33
0.825300,1.5734e-25
0.932766,1.2853e-21
1.105358,2.7233e-17
1.190830,1.6822e-15
1.419013,2.4065e-12
1.650609,3.9426e-10
1.644628,5.6810e-10
1.759473,3.6876e-09
1.753781,2.2159e-09
1.550151,3.3507e-11
1.298640,1.1557e-13
1.206755,1.7272e-15
1.132663,2.6475e-17
1.092921,1.9339e-18
1.084461,1.5612e-18
1.041542,2.1395e-19
0.996247,1.5533e-20
0.923915,7.0321e-23
0.827805,4.4198e-27
0.809230,3.6538e-29
0.771875,2.5432e-31
0.736323,1.0382e-33
0.708640,9.5339e-36
0.253031,7.4904e-134
0.237100,8.3912e-147
0.269666,5.4233e-132
0.238484,1.0021e-145
0.246543,1.7660e-138
0.243025,5.4903e-140
0.228415,3.7145e-151
0.207233,1.9156e-170
0.193709,3.9887e-191
0.153971,9.5368e-244
0.175349,4.0318e-204
0.157908,1.0408e-231
0.173044,1.2189e-202
0.174751,9.7152e-196
0.180005,1.7759e-184
0.171978,6.5601e-193
0.165894,5.6118e-201
0.090544,0.0000e+00
0.082728,0.0000e+00
0.076686,0.0000e+00
0.070979,0.0000e+00
0.064971,0.0000e+00
0.126585,4.1062e-285
0.126543,4.1217e-284
0.061769,0.0000e+00
0.054378,0.0000e+00
0.053683,0.0000e+00
0.041509,0.0000e+00
0.031993,0.0000e+00
0.036287,0.0000e+00
0.038726,0.0000e+00
0.036950,0.0000e+00
0.027365,0.0000e+00
0.025234,0.0000e+00
0.034409,0.0000e+00
0.027069,0.0000e+00
0.024275,0.0000e+00
0.024410,0.0000e+00
0.026830,0.0000e+00
0.032891,0.0000e+00
0.032822,0.0000e+00
0.026728,0.0000e+00
0.429884,1.0704e-57
0.513856,2.5193e-47
0.527324,7.8814e-46
0.537715,6.4828e-45
0.546125,3.6740e-44
0.500900,2.0367e-49
0.441089,9.7763e-57
0.374672,9.1431e-68
0.316772,1.7481e-85
0.284760,9.9425e-100
0.279494,1.5153e-103
0.265853,7.4685e-112
0.258098,4.9164e-117
0.252877,1.1305e-119
0.236597,6.4141e-130
0.266339,1.2064e-108
0.303147,4.5176e-92
0.322134,1.7034e-87
0.365760,4.3975e-73
0.474539,1.4795e-54
0.505450,7.7096e-50
0.553649,5.1729e-42
0.574008,5.7965e-40
0.586595,1.7186e-38
0.545340,2.0238e-40
0.524886,7.1896e-42
0.538845,2.0314e-40
0.580528,8.6068e-38
0.597828,9.8397e-37
0.506880,4.8564e-43
0.494042,1.7620e-43
0.421772,1.3427e-52
0.381988,1.0126e-59
0.337775,3.7807e-71
0.300754,2.8912e-82
0.365368,5.3621e-64
0.323042,1.4367e-76
0.242934,8.3954e-115
0.184519,6.9784e-167
0.142004,3.0157e-242
0.124475,1.0540e-292
0.107149,0.0000e+00
0.118623,1.2005e-305
0.064080,0.0000e+00
0.058686,0.0000e+00
0.080358,0.0000e+00
0.106098,0.0000e+00
0.109586,0.0000e+00
0.239226,5.1753e-121
0.247452,4.8849e-116
0.226799,6.3471e-131
0.205477,9.6584e-150
0.196369,2.4145e-158
0.192682,1.1235e-161
0.191431,3.1999e-162
0.199370,5.9848e-153
0.211664,5.0470e-140
0.219826,5.1176e-132
0.239643,2.7803e-116
0.240496,4.6720e-114
0.241276,1.5612e-112
0.237207,5.8708e-115
0.258674,1.5602e-102
0.144107,7.6036e-227
0.182918,1.9374e-167
0.152243,5.5405e-212
0.142388,1.9606e-231
0.116271,1.4071e-302
0.106660,0.0000e+00
0.099506,0.0000e+00
0.115772,2.0703e-313
0.118110,1.0744e-306
0.102307,0.0000e+00
0.126976,6.1108e-255
0.240616,2.0836e-112
0.261162,2.6659e-101
0.375364,9.2901e-64
0.334617,1.6052e-72
0.325299,4.3865e-74
0.324051,3.0953e-75
0.321422,6.1690e-76
0.320516,1.3419e-76
0.317009,5.2903e-78
0.313362,3.4405e-79
0.313017,2.6759e-79
0.311785,1.0358e-79
0.346828,2.0723e-69
0.346361,1.3849e-69
0.322623,5.1285e-76
0.355704,4.7970e-67
0.359062,3.7585e-66
0.362137,2.1958e-65
0.366620,3.5968e-64
0.371579,6.8099e-63
0.386421,1.1051e-59
0.382307,2.7500e-60
0.383268,6.7170e-60
0.425465,2.3437e-52
0.391275,4.7792e-58
0.433317,6.0127e-51
0.437860,3.4980e-50
0.443526,2.8697e-49
0.449167,1.8385e-48
0.455823,1.4340e-47
0.447470,1.1397e-48
0.540563,2.2395e-38
0.503809,7.2946e-42
0.546664,8.8890e-38
0.536352,1.1917e-38
0.537894,1.7932e-38
0.554933,5.7307e-37
0.613687,1.2731e-32
0.588603,2.5612e-34
0.589665,3.2841e-34
0.598011,1.3696e-33
0.527689,3.0610e-39
0.698145,9.5745e-28
0.691496,4.6200e-28
0.753303,3.0477e-25
0.738114,7.5914e-26
0.693058,7.0390e-28
0.752514,3.6147e-25
0.769517,1.7966e-24
0.798188,2.3706e-23
0.928628,2.4130e-19
0.989128,8.2826e-18
1.154389,1.1165e-14
1.201810,7.4516e-14
0.579302,3.5308e-33
1.428648,4.7470e-11
1.510499,3.2022e-10
1.574640,1.3325e-09
1.420345,1.1600e-10
0.816714,2.3964e-20
1.150699,2.0622e-13
1.352727,6.1419e-11
1.245776,5.7408e-12
1.219425,1.8127e-12
1.068646,6.7205e-15
1.033707,7.5518e-16
0.885235,1.8964e-19
0.822807,1.4117e-21
0.767299,9.2025e-24
0.661150,9.8203e-29
0.626623,7.6918e-31
0.601408,1.4008e-32
0.526509,1.3987e-38
0.564564,1.7402e-35
0.541131,1.5571e-37
0.527375,6.5126e-39
0.566008,8.7055e-36
0.452298,1.7442e-47
0.446477,2.1317e-48
0.481665,4.5429e-44
0.476477,9.9127e-45
0.473825,4.5765e-45
0.471629,2.3313e-45
0.470497,1.5765e-45
0.467870,6.8459e-46
0.467566,5.5608e-46
0.463682,1.6427e-46
0.580490,2.9225e-37
0.626464,8.4122e-35
0.594838,8.6126e-37
0.609053,4.6659e-36
0.601918,2.6765e-36
0.600621,4.4147e-36
0.588737,1.6218e-36
0.553241,1.2312e-38
0.679709,3.6188e-31
0.735141,5.6118e-28
0.782758,1.3819e-25
0.779841,1.5988e-25
0.756925,2.1693e-26
0.788931,6.0049e-25
0.835014,2.2931e-23
0.948014,6.9620e-20
0.956372,1.9451e-19
0.965383,5.0599e-19
0.959066,4.7760e-19
0.952541,3.9025e-19
0.992693,3.1963e-18
1.121151,1.0920e-15
1.313389,8.0417e-13
1.296160,9.4394e-13
1.285017,8.7085e-13
1.040686,1.2592e-16
0.987943,3.0013e-18
0.989659,1.1381e-18
0.965398,1.3528e-19
0.862450,1.0743e-22
0.815016,2.7954e-24
0.767853,1.0623e-25
0.739100,1.0397e-26
0.723380,2.3311e-27
0.718584,8.6667e-28
0.714807,3.3658e-28
0.667857,3.2543e-31
0.667367,2.9395e-32
0.649600,1.3559e-33
0.620487,8.0196e-35
0.598844,2.4114e-36
0.580846,9.6910e-38
0.573423,3.8435e-39
0.546321,1.0126e-41
0.525630,6.6935e-44
0.510169,2.2446e-45
0.480981,2.7297e-46
0.477655,2.9707e-46
0.463328,3.7081e-48
0.436299,4.8028e-53
0.422131,1.1119e-54
0.416526,1.9409e-55
0.417984,2.6694e-55
0.405252,5.1872e-57
0.396059,1.3313e-58
0.381874,1.0629e-61
0.356007,8.1069e-68
0.322454,2.0990e-77
0.288781,3.9818e-87
0.279729,2.4146e-91
0.112380,1.2695e-314
0.109824,0.0000e+00
0.102478,0.0000e+00
0.096947,0.0000e+00
0.090879,0.0000e+00
0.193159,1.5292e-172
0.190002,8.2460e-184
0.199805,4.8360e-173
0.190788,5.2331e-185
0.181650,1.3369e-197
0.169573,1.1389e-216
0.131476,4.9472e-305
0.086856,0.0000e+00
0.021769,0.0000e+00
0.028758,0.0000e+00
0.039648,0.0000e+00
0.046690,0.0000e+00
0.053926,0.0000e+00
0.062733,0.0000e+00
0.067279,0.0000e+00
0.070040,0.0000e+00
0.072592,0.0000e+00
0.074715,0.0000e+00
0.084268,0.0000e+00
0.086791,0.0000e+00
0.089072,0.0000e+00
0.091493,0.0000e+00
0.094122,0.0000e+00
0.094267,0.0000e+00
0.094773,0.0000e+00
0.096962,0.0000e+00
0.098620,0.0000e+00
0.100508,0.0000e+00
0.102043,0.0000e+00
0.104670,3.9525e-323
0.105053,1.0425e-321
0.106489,2.9273e-316
0.108218,8.5256e-310
0.116273,2.0827e-282
0.129798,4.5987e-245
0.133943,3.0259e-235
0.136715,5.4915e-229
0.138938,3.3552e-224
0.140879,3.7043e-220
0.142576,9.9435e-217
0.145710,1.2230e-210
0.149225,3.9339e-204
0.151285,2.6880e-200
0.152908,2.9894e-197
0.155210,3.8932e-193
0.157006,6.0512e-190
0.174656,2.2564e-165
0.176145,2.6841e-163
0.178374,2.1150e-160
0.181796,2.6514e-156
0.184976,1.1331e-152
0.187923,1.8721e-149
0.184071,2.4285e-153
0.186872,2.5908e-150
0.191348,9.7937e-146
0.195255,5.7658e-142
0.197991,1.9301e-139
0.222061,2.2948e-120
0.226432,2.1932e-117
0.232476,1.8504e-113
0.238024,4.5477e-110
0.243638,8.1338e-107
0.250128,2.6685e-103
0.257910,2.4012e-99
0.267622,8.6831e-95
0.276978,1.0136e-90
0.286299,5.9908e-87
0.323567,2.0612e-74
0.345271,1.5854e-68
0.360066,5.6603e-65
0.371939,2.4806e-62
0.381068,1.9788e-60
0.390964,1.9057e-58
0.399119,6.9396e-57
0.410056,6.8499e-55
0.414862,5.2802e-54
0.424995,2.8045e-52
0.436883,2.1773e-50
0.443800,2.6622e-49
0.457106,2.0014e-47
0.513756,6.7228e-41
1.109797,6.6091e-16
1.128800,1.4591e-15
1.141356,2.4376e-15
1.164564,5.9021e-15
1.192888,1.6252e-14
1.209754,2.9612e-14
1.232112,6.2161e-14
1.249077,1.0866e-13
1.273398,2.2709e-13
1.303468,5.3912e-13
1.201653,2.6992e-14
1.224675,5.8467e-14
1.243461,1.0709e-13
1.252911,1.4892e-13
1.245629,1.2540e-13
1.277034,3.2090e-13
1.287712,4.3747e-13
1.314156,9.0710e-13
1.337648,1.6963e-12
1.366263,3.5673e-12
1.394966,7.3806e-12
1.397249,8.2062e-12
1.408451,1.0987e-11
1.426172,1.6810e-11
1.448151,2.7520e-11
1.457356,3.4441e-11
1.438937,2.4468e-11
0.799540,8.1119e-23
0.790404,4.3487e-23
0.966532,4.6425e-18
0.968574,5.3448e-18
0.798576,9.6258e-23
0.969102,5.2321e-18
0.976327,7.2398e-18
1.082602,8.4868e-16
0.742882,6.4407e-25
0.742814,6.2474e-25
0.751270,1.2989e-24
0.746771,7.8909e-25
0.739360,3.5717e-25
0.664052,9.0707e-29
0.657642,3.6035e-29
0.652597,1.7208e-29
0.638029,2.2283e-30
0.899714,5.3186e-20
0.886366,2.0169e-20
0.874721,8.4197e-21
0.850069,1.3502e-21
0.780746,5.0777e-24
0.864473,2.8754e-21
0.777738,3.0749e-24
0.765961,9.5622e-25
0.741353,8.5159e-26
0.726834,1.7649e-26
0.707593,2.0090e-27
0.691528,2.7388e-28
0.671508,2.0346e-29
0.588788,9.7620e-35
0.570680,3.2763e-36
0.546871,2.8883e-38
0.481159,5.8983e-45
0.467093,1.0384e-46
0.406603,1.2369e-55
0.348624,1.2970e-67
0.343168,4.8921e-69
0.323390,1.6291e-74
0.303688,8.4608e-81
0.286288,3.2820e-87
0.258766,2.6478e-99
0.251363,3.7502e-103
0.239657,9.9133e-110
0.229029,2.3346e-116
0.218236,7.4767e-124
0.191729,2.4311e-146
0.187075,3.7042e-151
0.198954,7.9084e-140
0.191041,2.0444e-147
0.182250,8.6682e-157
0.175060,3.1422e-165
0.168016,2.0804e-174
0.161792,3.2754e-183
0.136591,5.7936e-228
0.132753,1.5177e-236
0.126976,6.1108e-255
0.240616,2.0836e-112
0.261162,2.6659e-101
0.375364,9.2901e-64
0.334617,1.6052e-72
0.325299,4.3865e-74
0.324051,3.0953e-75
0.321422,6.1690e-76
0.320516,1.3419e-76
0.317009,5.2903e-78
0.313362,3.4405e-79
0.313017,2.6759e-79
0.311785,1.0358e-79
0.346828,2.0723e-69
0.346361,1.3849e-69
0.322623,5.1285e-76
0.355704,4.7970e-67
0.359062,3.7585e-66
0.362137,2.1958e-65
0.366620,3.5968e-64
0.371579,6.8099e-63
0.386421,1.1051e-59
0.382307,2.7500e-60
0.383268,6.7170e-60
0.425465,2.3437e-52
0.391275,4.7792e-58
0.433317,6.0127e-51
0.437860,3.4980e-50
0.443526,2.8697e-49
0.449167,1.8385e-48
0.455823,1.4340e-47
0.447470,1.1397e-48
0.540563,2.2395e-38
0.503809,7.2946e-42
0.546664,8.8890e-38
0.536352,1.1917e-38
0.537894,1.7932e-38
0.554933,5.7307e-37
0.613687,1.2731e-32
0.588603,2.5612e-34
0.589665,3.2841e-34
0.598011,1.3696e-33
0.527689,3.0610e-39
0.698145,9.5745e-28
0.691496,4.6200e-28
0.753303,3.0477e-25
0.738114,7.5914e-26
0.693058,7.0390e-28
0.752514,3.6147e-25
0.769517,1.7966e-24
0.798188,2.3706e-23
0.928628,2.4130e-19
0.989128,8.2826e-18
1.154389,1.1165e-14
1.201810,7.4516e-14
0.579302,3.5308e-33
1.428648,4.7470e-11
1.510499,3.2022e-10
1.574640,1.3325e-09
1.420345,1.1600e-10
0.816714,2.3964e-20
1.150699,2.0622e-13
1.352727,6.1419e-11
1.245776,5.7408e-12
1.219425,1.8127e-12
1.068646,6.7205e-15
1.033707,7.5518e-16
0.885235,1.8964e-19
0.822807,1.4117e-21
0.767299,9.2025e-24
0.661150,9.8203e-29
0.626623,7.6918e-31
0.601408,1.4008e-32
0.526509,1.3987e-38
0.564564,1.7402e-35
0.541131,1.5571e-37
0.527375,6.5126e-39
0.566008,8.7055e-36
0.452298,1.7442e-47
0.446477,2.1317e-48
0.481665,4.5429e-44
0.476477,9.9127e-45
0.473825,4.5765e-45
0.471629,2.3313e-45
0.470497,1.5765e-45
0.467870,6.8459e-46
0.467566,5.5608e-46
0.463682,1.6427e-46
0.886217,3.1300e-22
0.679996,7.3278e-31
0.677161,2.8485e-31
0.669960,6.5770e-32
0.669842,3.2294e-32
0.688048,2.1381e-31
0.631640,4.5719e-35
0.648336,5.4518e-34
0.634245,6.3718e-35
0.638003,1.4200e-34
0.637472,1.5955e-34
0.668116,1.7209e-32
0.678696,9.6736e-32
0.839643,3.2019e-24
0.930585,3.7612e-21
0.938891,9.5033e-21
0.951115,2.6433e-20
0.972298,1.2681e-19
0.984825,3.6880e-19
1.262557,3.8374e-14
0.947287,6.7360e-20
1.308030,1.6055e-13
1.207961,7.0328e-15
1.233148,1.4849e-14
1.261471,3.3325e-14
1.266028,3.5355e-14
0.804228,1.4011e-24
0.737972,2.0058e-27
0.728298,4.6625e-28
0.650833,1.7977e-32
0.640834,2.2191e-33
0.623317,6.0656e-35
0.579179,6.7903e-39
0.481915,7.0965e-50
0.759941,1.0442e-28
0.648278,2.4695e-35
0.552390,8.5118e-42
0.365522,3.7812e-72
0.351122,1.5234e-76
0.357663,1.0099e-74
0.344885,4.4293e-78
0.341572,1.9807e-78
0.339748,3.1608e-78
0.332985,9.3848e-80
0.319347,8.9529e-84
0.303927,6.8731e-89
0.285486,4.3168e-96
0.253636,5.0811e-112
0.237891,2.8836e-121
0.237511,1.5579e-120
0.235015,1.9781e-121
0.234361,3.5713e-121
0.232538,8.6007e-122
0.241397,3.1641e-115
0.254722,2.2068e-106
0.281096,2.2391e-92
0.299293,3.5403e-84
0.323271,2.1289e-75
0.355928,5.5668e-66
0.490247,6.0306e-45
0.549925,7.0257e-39
0.271738,2.1067e-94
0.339779,6.3273e-71
0.368963,3.2138e-64
0.431590,4.1612e-53
0.501923,2.8233e-44
0.545631,3.5410e-40
0.645643,8.1051e-33
0.634485,9.9463e-34
0.650013,7.6029e-33
0.677323,2.5822e-31
0.768125,5.9891e-27
0.603905,1.6639e-36
0.252768,1.0794e-117
0.266626,1.8382e-111
0.295618,3.6755e-97
0.323181,6.8458e-87
0.359042,1.4947e-76
0.417914,1.3778e-63
0.435075,1.2035e-60
0.453683,1.3107e-57
0.443221,2.5334e-59
0.483754,5.4563e-53
0.479005,1.6374e-53
0.472517,1.4596e-54
0.474024,6.2564e-55
0.460379,1.8382e-57
0.464361,1.8755e-57
0.473596,6.1255e-56
0.489029,4.1434e-53
0.518740,1.8548e-48
0.572049,2.8444e-42
0.649677,1.2530e-35
0.793739,3.0083e-27
0.882709,1.4371e-23
0.956076,2.0498e-17
1.203995,3.0011e-16
1.299387,3.6464e-14
1.289468,2.7539e-14
1.133478,1.4035e-17
0.935895,1.2976e-23
0.801989,5.7990e-30
0.772588,1.5647e-32
0.733443,3.2093e-35
0.695112,4.6088e-38
0.634637,3.3538e-43
0.563842,1.2149e-50
0.492994,4.5814e-60
0.456301,9.3712e-68
0.401844,1.2101e-79
0.388827,2.5493e-90
0.357323,6.0964e-102
0.323674,8.8592e-114
0.330173,1.3102e-109
0.258742,9.2297e-137
0.126157,0.0000e+00
0.228865,1.1677e-177
0.100809,0.0000e+00
0.089401,0.0000e+00
0.155827,3.8180e-299
0.150124,5.7884e-311
0.149235,1.0950e-314
0.139031,0.0000e+00
0.138510,0.0000e+00
0.131594,0.0000e+00
0.119831,0.0000e+00
0.117070,0.0000e+00
0.096644,0.0000e+00
0.078236,0.0000e+00
0.071551,0.0000e+00
0.059779,0.0000e+00
0.056195,0.0000e+00
0.050245,0.0000e+00
0.044757,0.0000e+00
0.040497,0.0000e+00
0.039282,0.0000e+00
0.031712,0.0000e+00
0.044352,0.0000e+00
0.048821,0.0000e+00
0.098209,0.0000e+00
0.128766,4.2754e-311
0.044921,0.0000e+00
0.026035,0.0000e+00
0.023088,0.0000e+00
0.027897,0.0000e+00
0.025252,0.0000e+00
0.465705,1.5395e-52
0.461612,4.0325e-53
0.424457,4.8171e-59
0.435702,4.4296e-57
0.727526,4.8788e-30
0.443393,1.4536e-55
0.481898,9.4596e-50
0.489558,1.6478e-48
0.490090,3.1109e-48
0.668792,1.3144e-32
0.682828,1.1156e-31
0.685999,2.1066e-31
0.513408,5.9652e-45
0.516426,1.4895e-44
0.531382,6.4129e-43
0.879274,5.7131e-23
0.904255,3.7322e-22
0.927644,1.8873e-21
0.645765,1.8540e-33
0.668640,5.5684e-32
0.708997,1.2796e-29
0.823929,1.8257e-24
0.868496,8.7673e-23
0.877728,2.3715e-22
0.792197,3.3853e-25
1.383939,8.7546e-13
1.527774,2.6357e-11
1.498757,1.6475e-11
1.484721,1.1910e-11
0.868951,4.2097e-22
1.239494,3.2828e-14
1.446240,1.7954e-11
1.481278,1.0818e-10
1.662805,5.9362e-09
1.307538,1.2339e-11
2.263174,2.8673e-06
2.176776,1.1699e-06
2.136173,5.1989e-07
2.132817,3.1595e-07
2.078398,1.2780e-07
2.018321,4.6048e-08
1.341855,4.4639e-13
2.080878,7.2825e-08
1.984299,2.8901e-08
1.976520,2.6733e-08
1.706412,1.8967e-09
1.561203,1.6045e-10
1.463437,2.0923e-11
1.387336,3.2715e-12
1.287815,2.3223e-13
1.229133,3.8853e-14
1.166484,9.6902e-15
1.150149,5.2749e-15
1.139776,3.8218e-15
1.128112,2.4844e-15
1.123071,2.2688e-15
1.146297,6.1265e-15
1.145279,6.1888e-15
1.140459,5.0993e-15
1.098696,9.5469e-16
1.070050,2.7393e-16
1.044413,8.0849e-17
1.078568,3.7060e-16
1.055084,1.2513e-16
1.021626,2.2455e-17
1.065921,8.2164e-17
1.097387,1.9358e-16
1.128183,5.3215e-16
1.158122,1.5608e-15
1.191511,4.9857e-15
1.169265,2.1168e-15
1.141731,6.5550e-16
1.112951,1.7110e-16
0.366318,7.4516e-68
0.375930,1.9663e-65
0.388638,1.7873e-62
0.403479,1.4005e-59
0.426105,1.0643e-56
0.500203,1.0737e-47
0.267957,1.4935e-104
0.398682,8.6237e-63
0.463164,8.4951e-52
0.553683,3.1438e-41
0.514497,5.2585e-45
0.606922,1.4919e-36
0.624618,2.4977e-35
0.548495,1.3251e-41
0.560978,1.6309e-40
0.634145,9.4670e-35
0.487871,4.2785e-48
0.489222,7.6587e-48
0.538488,1.9811e-42
0.585585,3.0632e-38
0.551981,4.0305e-41
0.570630,2.5116e-39
0.587640,1.0361e-37
0.503927,2.1078e-45
0.757191,3.1558e-27
0.704344,1.3190e-29
0.660734,6.3550e-32
0.642707,5.3434e-33
0.597400,3.0271e-36
0.689554,2.3600e-30
0.495425,7.0740e-46
0.487837,5.1892e-47
0.478736,1.8714e-48
0.462499,7.8865e-51
0.479432,8.3479e-49
0.516430,9.4841e-45
0.522806,1.9547e-44
0.488521,9.7149e-49
0.493881,2.7995e-48
0.505920,6.1041e-47
0.500171,7.7244e-48
0.523850,2.0043e-45
0.602698,4.3053e-38
0.647742,1.4845e-35
0.622936,1.5619e-37
0.590144,1.3474e-39
0.557184,1.0410e-41
0.573660,1.9081e-40
0.586580,3.9288e-39
0.333522,3.2147e-82
0.605274,4.9236e-38
0.602625,3.1078e-38
0.600081,1.5938e-38
0.594314,5.1700e-39
0.580613,4.4436e-40
0.558667,5.5542e-42
0.552321,1.6382e-42
0.541882,1.7021e-43
0.528575,7.3967e-45
0.521095,1.2555e-45
0.504051,1.3165e-47
0.487747,1.1263e-49
0.489941,2.0566e-49
0.486439,4.3065e-50
0.485320,1.2953e-50
0.459109,6.7997e-55
0.432135,1.0219e-59
0.399571,1.5572e-66
0.375942,9.4397e-73
0.356167,4.4656e-79
0.337238,4.4533e-86
0.325199,2.0032e-91
0.322620,1.7403e-93
0.126976,6.1108e-255
0.240616,2.0836e-112
0.261162,2.6659e-101
0.375364,9.2901e-64
0.334617,1.6052e-72
0.325299,4.3865e-74
0.324051,3.0953e-75
0.321422,6.1690e-76
0.320516,1.3419e-76
0.317009,5.2903e-78
0.313362,3.4405e-79
0.313017,2.6759e-79
0.311785,1.0358e-79
0.346828,2.0723e-69
0.346361,1.3849e-69
0.322623,5.1285e-76
0.355704,4.7970e-67
0.359062,3.7585e-66
0.362137,2.1958e-65
0.366620,3.5968e-64
0.371579,6.8099e-63
0.386421,1.1051e-59
0.382307,2.7500e-60
0.383268,6.7170e-60
0.425465,2.3437e-52
0.391275,4.7792e-58
0.433317,6.0127e-51
0.437860,3.4980e-50
0.443526,2.8697e-49
0.449167,1.8385e-48
0.455823,1.4340e-47
0.447470,1.1397e-48
0.540563,2.2395e-38
0.503809,7.2946e-42
0.546664,8.8890e-38
0.536352,1.1917e-38
0.537894,1.7932e-38
0.554933,5.7307e-37
0.613687,1.2731e-32
0.588603,2.5612e-34
0.589665,3.2841e-34
0.598011,1.3696e-33
0.527689,3.0610e-39
0.698145,9.5745e-28
0.691496,4.6200e-28
0.753303,3.0477e-25
0.738114,7.5914e-26
0.693058,7.0390e-28
0.752514,3.6147e-25
0.769517,1.7966e-24
0.798188,2.3706e-23
0.928628,2.4130e-19
0.989128,8.2826e-18
1.154389,1.1165e-14
1.201810,7.4516e-14
0.579302,3.5308e-33
1.428648,4.7470e-11
1.510499,3.2022e-10
1.574640,1.3325e-09
1.420345,1.1600e-10
0.816714,2.3964e-20
1.150699,2.0622e-13
1.352727,6.1419e-11
1.245776,5.7408e-12
1.219425,1.8127e-12
1.068646,6.7205e-15
1.033707,7.5518e-16
0.885235,1.8964e-19
0.822807,1.4117e-21
0.767299,9.2025e-24
0.661150,9.8203e-29
0.626623,7.6918e-31
0.601408,1.4008e-32
0.526509,1.3987e-38
0.564564,1.7402e-35
0.541131,1.5571e-37
0.527375,6.5126e-39
0.566008,8.7055e-36
0.452298,1.7442e-47
0.446477,2.1317e-48
0.481665,4.5429e-44
0.476477,9.9127e-45
0.473825,4.5765e-45
0.471629,2.3313e-45
0.470497,1.5765e-45
0.467870,6.8459e-46
0.467566,5.5608e-46
0.463682,1.6427e-46
0.126976,6.1108e-255
0.240616,2.0836e-112
0.261162,2.6659e-101
0.375364,9.2901e-64
0.334617,1.6052e-72
0.325299,4.3865e-74
0.324051,3.0953e-75
0.321422,6.1690e-76
0.320516,1.3419e-76
0.317009,5.2903e-78
0.313362,3.4405e-79
0.313017,2.6759e-79
0.311785,1.0358e-79
0.346828,2.0723e-69
0.346361,1.3849e-69
0.322623,5.1285e-76
0.355704,4.7970e-67
0.359062,3.7585e-66
0.362137,2.1958e-65
0.366620,3.5968e-64
0.371579,6.8099e-63
0.386421,1.1051e-59
0.382307,2.7500e-60
0.383268,6.7170e-60
0.425465,2.3437e-52
0.391275,4.7792e-58
0.433317,6.0127e-51
0.437860,3.4980e-50
0.443526,2.8697e-49
0.449167,1.8385e-48
0.455823,1.4340e-47
0.447470,1.1397e-48
0.540563,2.2395e-38
0.503809,7.2946e-42
0.546664,8.8890e-38
0.536352,1.1917e-38
0.537894,1.7932e-38
0.554933,5.7307e-37
0.613687,1.2731e-32
0.588603,2.5612e-34
0.589665,3.2841e-34
0.598011,1.3696e-33
0.527689,3.0610e-39
0.698145,9.5745e-28
0.691496,4.6200e-28
0.753303,3.0477e-25
0.738114,7.5914e-26
0.693058,7.0390e-28
0.752514,3.6147e-25
0.769517,1.7966e-24
0.798188,2.3706e-23
0.928628,2.4130e-19
0.989128,8.2826e-18
1.154389,1.1165e-14
1.201810,7.4516e-14
0.579302,3.5308e-33
1.428648,4.7470e-11
1.510499,3.2022e-10
1.574640,1.3325e-09
1.420345,1.1600e-10
0.816714,2.3964e-20
1.150699,2.0622e-13
1.352727,6.1419e-11
1.245776,5.7408e-12
1.219425,1.8127e-12
1.068646,6.7205e-15
1.033707,7.5518e-16
0.885235,1.8964e-19
0.822807,1.4117e-21
0.767299,9.2025e-24
0.661150,9.8203e-29
0.626623,7.6918e-31
0.601408,1.4008e-32
0.526509,1.3987e-38
0.564564,1.7402e-35
0.541131,1.5571e-37
0.527375,6.5126e-39
0.566008,8.7055e-36
0.452298,1.7442e-47
0.446477,2.1317e-48
0.481665,4.5429e-44
0.476477,9.9127e-45
0.473825,4.5765e-45
0.471629,2.3313e-45
0.470497,1.5765e-45
0.467870,6.8459e-46
0.467566,5.5608e-46
0.463682,1.6427e-46
0.146044,2.9971e-223
0.161042,1.4416e-197
0.153441,2.6713e-209
0.153159,1.3909e-208
0.175719,5.8488e-175
0.177919,1.1074e-173
0.184246,1.1326e-167
0.114922,4.1786e-310
0.205815,2.5625e-146
0.116190,9.5376e-304
0.115749,7.7678e-305
0.204930,3.0597e-147
0.116444,9.6789e-307
0.108025,0.0000e+00
0.107343,0.0000e+00
0.120394,1.2753e-285
0.121126,7.5282e-279
0.119293,3.1263e-282
0.113777,1.3133e-302
0.110883,1.5577e-315
0.111976,5.9779e-311
0.111905,1.0452e-306
0.298186,9.5075e-86
0.383950,4.2305e-61
0.331862,3.4240e-72
0.407273,6.8979e-55
0.446761,3.9770e-48
0.493826,5.8409e-42
0.582278,3.5265e-34
0.595259,7.3516e-34
0.584744,1.1768e-35
0.587272,3.0752e-36
0.599522,4.1786e-35
0.624043,7.7702e-33
0.694625,4.6123e-28
0.673632,9.3410e-29
0.671074,7.8736e-29
0.678341,4.3311e-29
0.634683,2.1359e-32
0.572374,1.7199e-37
0.572597,5.8580e-38
0.567959,1.1369e-38
0.612315,4.9840e-35
0.587100,1.3171e-36
0.561981,3.1729e-38
0.532411,1.7144e-40
0.500796,3.2405e-44
0.465168,3.5065e-48
0.431856,1.2665e-53
0.404219,1.7097e-58
0.385427,9.6567e-62
0.389334,1.4964e-59
0.405390,1.4530e-55
0.166368,6.2391e-178
0.358803,2.5224e-65
0.307230,4.5730e-80
0.255078,1.7759e-101
0.246959,3.2477e-105
0.214924,3.3332e-123
0.090404,0.0000e+00
0.134507,6.1093e-230
0.110220,1.8955e-300
0.097527,0.0000e+00
0.124383,7.9000e-256
0.093878,0.0000e+00
0.157650,6.8896e-181
0.146406,8.8548e-202
0.137564,5.5003e-222
0.113993,1.3757e-286
0.110045,6.2949e-304
0.123835,2.0103e-265
0.171011,2.5076e-178
0.153333,1.7335e-207
0.516746,1.5676e-44
0.508843,1.8260e-46
0.489060,1.8653e-49
0.478976,1.3416e-50
0.475315,9.1495e-51
0.474918,1.4150e-50
0.477983,1.0505e-49
0.456632,5.7730e-52
0.440980,3.8460e-53
0.419594,4.3718e-55
0.388399,4.0677e-59
0.197624,5.1315e-146
0.338481,4.2132e-72
0.323252,1.1546e-76
0.313743,2.1573e-79
0.297630,1.3407e-84
0.324849,4.3700e-67
0.357542,4.5961e-67
0.172171,6.3522e-179
0.172347,4.7239e-183
0.178663,1.6036e-178
0.164606,1.4463e-202
0.166414,1.5170e-203
0.157252,7.1300e-221
0.152288,2.6183e-230
0.150874,1.9934e-232
0.151509,1.0518e-230
0.138983,8.6114e-258
0.140282,2.4120e-254
0.143618,6.1149e-246
0.143825,5.0543e-244
0.133239,1.1178e-266
0.133808,6.6143e-263
0.139387,3.6190e-250
0.124282,2.3219e-293
0.109746,0.0000e+00
0.116277,8.6511e-321
0.110303,0.0000e+00
0.230324,6.3532e-130
0.279610,5.3494e-100
0.353562,1.2092e-73
0.417436,1.6527e-59
0.281368,1.2773e-97
0.235124,2.1030e-123
0.100528,0.0000e+00
0.089040,0.0000e+00
0.084071,0.0000e+00
0.079954,0.0000e+00
0.082636,0.0000e+00
0.078449,0.0000e+00
0.079799,0.0000e+00
0.081167,0.0000e+00
0.082773,0.0000e+00
0.084844,0.0000e+00
0.085481,0.0000e+00
0.086380,0.0000e+00
0.079103,0.0000e+00
0.080220,0.0000e+00
0.070912,0.0000e+00
0.063307,0.0000e+00
0.055934,0.0000e+00
0.092093,0.0000e+00
0.126807,9.3209e-268
0.145877,7.2479e-223
0.280463,1.4084e-96
0.346340,5.2349e-74
0.425262,4.2528e-57
0.378637,8.9065e-66
0.366469,2.3019e-68
0.354790,2.5132e-71
0.295905,2.9120e-90
0.260604,1.1879e-106
0.211954,7.0661e-139
0.126976,6.1108e-255
0.240616,2.0836e-112
0.261162,2.6659e-101
0.375364,9.2901e-64
0.334617,1.6052e-72
0.325299,4.3865e-74
0.324051,3.0953e-75
0.321422,6.1690e-76
0.320516,1.3419e-76
0.317009,5.2903e-78
0.313362,3.4405e-79
0.313017,2.6759e-79
0.311785,1.0358e-79
0.346828,2.0723e-69
0.346361,1.3849e-69
0.322623,5.1285e-76
0.355704,4.7970e-67
0.359062,3.7585e-66
0.362137,2.1958e-65
0.366620,3.5968e-64
0.371579,6.8099e-63
0.386421,1.1051e-59
0.382307,2.7500e-60
0.383268,6.7170e-60
0.425465,2.3437e-52
0.391275,4.7792e-58
0.433317,6.0127e-51
0.437860,3.4980e-50
0.443526,2.8697e-49
0.449167,1.8385e-48
0.455823,1.4340e-47
0.447470,1.1397e-48
0.540563,2.2395e-38
0.503809,7.2946e-42
0.546664,8.8890e-38
0.536352,1.1917e-38
0.537894,1.7932e-38
0.554933,5.7307e-37
0.613687,1.2731e-32
0.588603,2.5612e-34
0.589665,3.2841e-34
0.598011,1.3696e-33
0.527689,3.0610e-39
0.698145,9.5745e-28
0.691496,4.6200e-28
0.753303,3.0477e-25
0.738114,7.5914e-26
0.693058,7.0390e-28
0.752514,3.6147e-25
0.769517,1.7966e-24
0.798188,2.3706e-23
0.928628,2.4130e-19
0.989128,8.2826e-18
1.154389,1.1165e-14
1.201810,7.4516e-14
0.579302,3.5308e-33
1.428648,4.7470e-11
1.510499,3.2022e-10
1.574640,1.3325e-09
1.420345,1.1600e-10
0.816714,2.3964e-20
1.150699,2.0622e-13
1.352727,6.1419e-11
1.245776,5.7408e-12
1.219425,1.8127e-12
1.068646,6.7205e-15
1.033707,7.5518e-16
0.885235,1.8964e-19
0.822807,1.4117e-21
0.767299,9.2025e-24
0.661150,9.8203e-29
0.626623,7.6918e-31
0.601408,1.4008e-32
0.526509,1.3987e-38
0.564564,1.7402e-35
0.541131,1.5571e-37
0.527375,6.5126e-39
0.566008,8.7055e-36
0.452298,1.7442e-47
0.446477,2.1317e-48
0.481665,4.5429e-44
0.476477,9.9127e-45
0.473825,4.5765e-45
0.471629,2.3313e-45
0.470497,1.5765e-45
0.467870,6.8459e-46
0.467566,5.5608e-46
0.463682,1.6427e-46
0.126976,6.1108e-255
0.240616,2.0836e-112
0.261162,2.6659e-101
0.375364,9.2901e-64
0.334617,1.6052e-72
0.325299,4.3865e-74
0.324051,3.0953e-75
0.321422,6.1690e-76
0.320516,1.3419e-76
0.317009,5.2903e-78
0.313362,3.4405e-79
0.313017,2.6759e-79
0.311785,1.0358e-79
0.346828,2.0723e-69
0.346361,1.3849e-69
0.322623,5.1285e-76
0.355704,4.7970e-67
0.359062,3.7585e-66
0.362137,2.1958e-65
0.366620,3.5968e-64
0.371579,6.8099e-63
0.386421,1.1051e-59
0.382307,2.7500e-60
0.383268,6.7170e-60
0.425465,2.3437e-52
0.391275,4.7792e-58
0.433317,6.0127e-51
0.437860,3.4980e-50
0.443526,2.8697e-49
0.449167,1.8385e-48
0.455823,1.4340e-47
0.447470,1.1397e-48
0.540563,2.2395e-38
0.503809,7.2946e-42
0.546664,8.8890e-38
0.536352,1.1917e-38
0.537894,1.7932e-38
0.554933,5.7307e-37
0.613687,1.2731e-32
0.588603,2.5612e-34
0.589665,3.2841e-34
0.598011,1.3696e-33
0.527689,3.0610e-39
0.698145,9.5745e-28
0.691496,4.6200e-28
0.753303,3.0477e-25
0.738114,7.5914e-26
0.693058,7.0390e-28
0.752514,3.6147e-25
0.769517,1.7966e-24
0.798188,2.3706e-23
0.928628,2.4130e-19
0.989128,8.2826e-18
1.154389,1.1165e-14
1.201810,7.4516e-14
0.579302,3.5308e-33
1.428648,4.7470e-11
1.510499,3.2022e-10
1.574640,1.3325e-09
1.420345,1.1600e-10
0.816714,2.3964e-20
1.150699,2.0622e-13
1.352727,6.1419e-11
1.245776,5.7408e-12
1.219425,1.8127e-12
1.068646,6.7205e-15
1.033707,7.5518e-16
0.885235,1.8964e-19
0.822807,1.4117e-21
0.767299,9.2025e-24
0.661150,9.8203e-29
0.626623,7.6918e-31
0.601408,1.4008e-32
0.526509,1.3987e-38
0.564564,1.7402e-35
0.541131,1.5571e-37
0.527375,6.5126e-39
0.566008,8.7055e-36
0.452298,1.7442e-47
0.446477,2.1317e-48
0.481665,4.5429e-44
0.476477,9.9127e-45
0.473825,4.5765e-45
0.471629,2.3313e-45
0.470497,1.5765e-45
0.467870,6.8459e-46
0.467566,5.5608e-46
0.463682,1.6427e-46
0.092170,0.0000e+00
0.131394,2.2655e-256
0.172825,9.7429e-170
0.208612,1.6096e-140
0.238500,5.3284e-119
0.302691,4.5099e-88
0.334470,1.5214e-77
0.391409,2.8005e-63
0.422030,1.0631e-57
0.421398,2.3596e-58
0.479434,1.1283e-49
0.501983,7.3492e-47
0.524879,2.7183e-44
0.570168,6.5974e-39
0.563900,2.2403e-39
0.563450,5.9097e-40
0.538706,5.3815e-43
0.537846,1.5349e-43
0.561626,4.1140e-42
0.560319,2.7179e-42
0.614366,5.2296e-39
0.590834,2.7001e-40
0.577275,1.3214e-41
0.576397,8.9257e-42
0.563959,8.2640e-43
0.545428,1.5459e-44
0.541024,3.4057e-45
0.508805,3.3517e-49
0.469183,2.0441e-55
0.445013,1.4649e-59
0.417066,1.4997e-63
0.406731,4.1851e-64
0.411956,2.8997e-62
0.422422,4.3738e-60
0.454755,6.2406e-54
0.487086,2.1464e-48
0.497422,2.2420e-46
0.497314,5.5031e-45
0.489492,8.7266e-46
0.399665,1.1523e-59
0.326033,1.1888e-77
0.263835,4.7783e-100
0.196407,2.0478e-152
0.163700,6.6811e-191
0.137422,1.5675e-240
0.119090,3.4571e-291
0.101366,0.0000e+00
0.086500,0.0000e+00
0.080749,0.0000e+00
0.075858,0.0000e+00
0.072440,0.0000e+00
0.065732,0.0000e+00
0.060553,0.0000e+00
0.035217,0.0000e+00
0.033661,0.0000e+00
0.040804,0.0000e+00
0.036560,0.0000e+00
0.027106,0.0000e+00
0.067555,0.0000e+00
0.138444,6.6962e-256
0.135022,2.1108e-266
0.134084,1.7209e-269
0.126505,3.1791e-290
0.081439,0.0000e+00
0.036314,0.0000e+00
0.029297,0.0000e+00
0.028681,0.0000e+00
0.031069,0.0000e+00
0.027938,0.0000e+00
0.028359,0.0000e+00
0.029452,0.0000e+00
0.031679,0.0000e+00
0.029873,0.0000e+00
0.036519,0.0000e+00
0.065952,0.0000e+00
0.080348,0.0000e+00
0.083748,0.0000e+00
0.082941,0.0000e+00
0.190253,1.2502e-152
0.214059,1.0153e-128
0.215147,2.4952e-127
0.210460,1.0277e-131
0.209313,6.3776e-133
0.209310,4.5519e-133
0.207927,8.4022e-135
0.208904,7.4824e-134
0.208589,7.5721e-134
0.208295,1.1810e-133
0.205738,2.8474e-135
0.207071,1.1204e-133
0.209312,8.3896e-132
0.209908,5.8067e-131
0.211374,1.8201e-129
0.207177,1.6472e-132
0.206973,1.8843e-132
0.208948,1.3346e-130
0.210636,4.0875e-129
0.213148,4.2460e-127
0.216044,6.5844e-125
0.219705,2.8479e-122
0.222632,3.0039e-120
0.235836,8.6932e-112
0.239109,9.0415e-110
0.242281,7.8060e-108
0.246006,1.0441e-105
0.246839,3.6328e-105
0.250836,5.8648e-103
0.254189,3.3411e-101
0.256584,5.3109e-100
0.262234,2.8938e-97
0.258708,5.0980e-99
0.257069,6.8868e-100
0.288550,2.8912e-86
0.292834,1.0275e-84
0.295234,7.6791e-84
0.301019,9.2317e-82
0.303601,8.3277e-81
0.307583,1.7879e-79
0.322211,7.7571e-75
0.327280,3.1232e-73
0.335355,8.3205e-71
0.339134,1.1604e-69
0.345925,9.0226e-68
0.360993,4.8858e-64
0.402161,9.2619e-56
0.371990,2.0128e-61
0.429204,3.3904e-51
0.433343,1.6269e-50
0.389923,1.2595e-57
0.393276,5.7048e-57
0.397329,3.6205e-56
0.356805,2.9521e-64
0.359637,1.6189e-63
0.366869,7.4131e-62
0.602376,3.6589e-33
0.605263,6.7613e-33
0.624359,1.3035e-31
0.641490,1.5428e-30
0.664813,3.7247e-29
0.750254,4.5669e-25
0.772023,3.9873e-24
0.877866,1.4033e-20
0.905731,9.3172e-20
0.934999,5.8423e-19
0.665971,1.4877e-28
1.111895,2.7769e-15
1.153542,1.4762e-14
1.220652,1.5662e-13
1.316382,2.7089e-12
1.391744,1.9100e-11
1.476967,1.3574e-10
1.558532,7.4001e-10
1.502046,3.5466e-10
1.290157,5.3565e-12
1.273967,4.7547e-12
1.263664,4.7219e-12
1.264626,5.7469e-12
0.955362,1.0718e-16
0.946956,5.1205e-17
0.860067,2.2906e-19
0.828499,1.4220e-20
0.693993,6.2581e-26
0.687312,1.1871e-26
0.661998,2.7960e-28
0.761231,4.6402e-24
0.743494,6.3264e-25
0.704220,9.5304e-27
0.674537,2.6171e-28
0.579316,2.6725e-34
0.566271,1.8155e-35
0.533576,2.0866e-38
0.424061,1.6665e-51
0.446722,1.6563e-48
0.428341,2.2578e-51
0.408611,9.6032e-55
0.353225,4.9650e-66
0.381389,3.8888e-60
0.355255,5.3221e-66
0.345568,1.6531e-68
0.340040,4.7868e-70
0.336166,3.7987e-71
0.331134,1.3961e-72
0.324765,1.8417e-74
0.320883,1.3420e-75
0.322487,4.2346e-75
0.310662,1.0302e-78
0.309906,6.1096e-79
0.307644,1.0112e-79
0.302678,2.1928e-81
0.298997,1.1582e-82
0.300796,4.8810e-82
0.294420,2.4718e-84
0.290020,5.2653e-86
0.278765,1.8969e-90
0.277214,4.0744e-91
0.275782,1.1253e-91
0.275117,6.8293e-92
0.273079,1.0352e-92
0.430896,1.3566e-51
0.438393,2.1032e-50
0.464642,9.0978e-47
0.692758,2.0904e-28
1.111537,1.1920e-16
1.173043,1.5450e-15
1.239331,1.7977e-14
1.315201,2.0515e-13
1.356679,7.0350e-13
1.348391,6.3511e-13
1.412723,3.7730e-12
1.477087,1.8304e-11
1.531695,6.1825e-11
1.578971,1.6581e-10
1.631778,4.8333e-10
1.683085,1.2919e-09
1.739848,3.4989e-09
1.806861,1.0340e-08
1.872805,2.8125e-08
1.952237,8.3153e-08
2.085549,3.7476e-07
2.189242,1.1097e-06
2.322369,3.6677e-06
2.424666,1.1920e-05
2.556266,3.5438e-05
2.744802,1.2995e-04
2.744778,1.6899e-04
2.940245,6.4213e-04
2.801773,6.7906e-04
2.915897,1.6491e-03
1.669665,4.7093e-06
1.622529,3.8266e-06
1.458519,3.8125e-07
1.289029,6.7745e-09
1.245887,4.7031e-10
1.075182,7.7128e-13
1.541428,4.7119e-09
1.355276,4.8721e-11
1.291320,5.5044e-12
1.154633,8.3130e-14
1.123380,2.2332e-14
1.056812,1.3337e-15
0.899100,3.7034e-19
0.836201,3.5720e-21
0.779831,2.2941e-23
0.666551,1.1122e-28
0.615877,6.3992e-32
0.589666,7.4940e-34
0.510121,1.0169e-40
0.294470,1.1663e-84
0.299345,1.0074e-82
0.298471,6.7330e-83
0.299642,2.2227e-82
0.304338,9.7232e-81
0.336672,5.8529e-71
0.340962,9.6719e-70
0.349298,1.4005e-67
0.345901,2.4555e-68
0.349354,2.0249e-67
0.352621,1.3302e-66
0.356841,1.4249e-65
0.391372,2.9655e-58
0.393593,9.1944e-58
0.398525,7.6687e-57
0.404930,9.5657e-56
0.406373,1.5068e-55
0.421144,3.9507e-53
0.381105,2.9742e-60
0.424416,1.4183e-52
0.477541,2.5867e-45
0.495631,3.1363e-43
0.500357,1.0776e-42
0.524500,3.1856e-40
0.529111,9.1470e-40
0.475290,2.1898e-45
0.581388,3.0778e-35
0.644754,6.3139e-31
0.647241,1.0303e-30
0.728666,1.7700e-26
0.901542,2.3248e-20
1.240211,2.3218e-14
1.187344,4.0291e-15
1.237502,4.5780e-14
1.301302,3.5902e-13
1.366511,2.3553e-12
1.422606,1.0366e-11
1.496267,5.9070e-11
1.518043,1.0246e-10
1.523161,1.2223e-10
1.546333,2.0343e-10
1.502379,9.0080e-11
1.421215,1.6988e-11
1.386762,7.8557e-12
1.388537,8.2469e-12
1.427470,2.0510e-11
1.494182,8.8288e-11
1.606960,7.3420e-10
1.717892,4.2320e-09
1.834782,2.0707e-08
1.883105,5.6611e-08
1.945572,9.1534e-08
2.136928,5.2448e-07
2.151100,6.0094e-07
2.179119,1.1038e-06
2.219156,4.5123e-06
1.184639,7.0278e-11
1.827413,7.7718e-06
2.168348,2.4571e-04
2.142676,1.6964e-04
1.860062,1.0069e-05
1.333226,3.7997e-09
1.857181,8.6512e-07
1.107825,4.0049e-13
1.063822,1.8408e-14
1.508117,6.2953e-10
1.450329,1.3376e-10
0.798149,6.6004e-22
1.234519,3.4728e-13
1.053407,4.0513e-16
0.897672,1.0267e-19
0.746156,7.4832e-25
0.710163,1.4572e-26
0.645523,5.0963e-30
0.137747,2.2283e-216
0.304730,6.8395e-77
0.294253,7.4444e-81
0.283872,2.7482e-85
0.273393,3.6451e-90
0.264491,1.0086e-94
0.255459,9.2617e-100
0.245752,1.1543e-105
0.237701,4.1598e-111
0.239897,3.8477e-110
0.279682,1.0869e-89
0.268455,4.7177e-95
0.264107,1.7417e-97
0.252955,1.4806e-103
0.247213,7.3963e-107
0.242131,8.8248e-110
0.237186,1.3119e-112
0.239506,8.4650e-111
0.228706,1.2817e-117
0.228523,9.4296e-115
0.228297,2.3190e-114
0.216095,9.8254e-123
0.213832,3.4042e-124
0.305626,1.2809e-82
0.316689,9.2043e-79
0.152160,9.5497e-201
0.153267,5.4971e-199
0.232064,1.2371e-111
0.242306,9.7375e-108
0.223010,9.6444e-118
0.231109,3.0400e-113
0.116937,1.3314e-287
0.120973,2.0153e-277
0.127741,8.7608e-261
0.131755,7.2855e-253
0.129820,1.0840e-259
0.126956,1.0083e-268
0.123250,7.7174e-280
0.110878,8.9890e-320
0.106483,0.0000e+00
0.104511,0.0000e+00
0.099235,0.0000e+00
0.093885,0.0000e+00
0.087229,0.0000e+00
0.085769,0.0000e+00
0.079433,0.0000e+00
0.072758,0.0000e+00
0.068821,0.0000e+00
0.061441,0.0000e+00
0.049758,0.0000e+00
0.043807,0.0000e+00
0.037307,0.0000e+00
0.036134,0.0000e+00
0.037969,0.0000e+00
0.046177,0.0000e+00
0.059928,0.0000e+00
0.071840,0.0000e+00
0.077137,0.0000e+00
0.083866,0.0000e+00
0.077368,0.0000e+00
0.073334,0.0000e+00
0.075513,0.0000e+00
0.075943,0.0000e+00
0.077637,0.0000e+00
0.129689,3.8722e-256
0.278626,1.2209e-95
0.280583,1.2255e-94
0.284156,2.6256e-93
0.289234,1.0051e-91
0.303830,3.6645e-82
0.300490,4.9781e-84
0.295604,9.9718e-87
0.290365,1.0731e-89
0.126976,6.1108e-255
0.240616,2.0836e-112
0.261162,2.6659e-101
0.375364,9.2901e-64
0.334617,1.6052e-72
0.325299,4.3865e-74
0.324051,3.0953e-75
0.321422,6.1690e-76
0.320516,1.3419e-76
0.317009,5.2903e-78
0.313362,3.4405e-79
0.313017,2.6759e-79
0.311785,1.0358e-79
0.346828,2.0723e-69
0.346361,1.3849e-69
0.322623,5.1285e-76
0.355704,4.7970e-67
0.359062,3.7585e-66
0.362137,2.1958e-65
0.366620,3.5968e-64
0.371579,6.8099e-63
0.386421,1.1051e-59
0.382307,2.7500e-60
0.383268,6.7170e-60
0.425465,2.3437e-52
0.391275,4.7792e-58
0.433317,6.0127e-51
0.437860,3.4980e-50
0.443526,2.8697e-49
0.449167,1.8385e-48
0.455823,1.4340e-47
0.447470,1.1397e-48
0.540563,2.2395e-38
0.503809,7.2946e-42
0.546664,8.8890e-38
0.536352,1.1917e-38
0.537894,1.7932e-38
0.554933,5.7307e-37
0.613687,1.2731e-32
0.588603,2.5612e-34
0.589665,3.2841e-34
0.598011,1.3696e-33
0.527689,3.0610e-39
0.698145,9.5745e-28
0.691496,4.6200e-28
0.753303,3.0477e-25
0.738114,7.5914e-26
0.693058,7.0390e-28
0.752514,3.6147e-25
0.769517,1.7966e-24
0.798188,2.3706e-23
0.928628,2.4130e-19
0.989128,8.2826e-18
1.154389,1.1165e-14
1.201810,7.4516e-14
0.579302,3.5308e-33
1.428648,4.7470e-11
1.510499,3.2022e-10
1.574640,1.3325e-09
1.420345,1.1600e-10
0.816714,2.3964e-20
1.150699,2.0622e-13
1.352727,6.1419e-11
1.245776,5.7408e-12
1.219425,1.8127e-12
1.068646,6.7205e-15
1.033707,7.5518e-16
0.885235,1.8964e-19
0.822807,1.4117e-21
0.767299,9.2025e-24
0.661150,9.8203e-29
0.626623,7.6918e-31
0.601408,1.4008e-32
0.526509,1.3987e-38
0.564564,1.7402e-35
0.541131,1.5571e-37
0.527375,6.5126e-39
0.566008,8.7055e-36
0.452298,1.7442e-47
0.446477,2.1317e-48
0.481665,4.5429e-44
0.476477,9.9127e-45
0.473825,4.5765e-45
0.471629,2.3313e-45
0.470497,1.5765e-45
0.467870,6.8459e-46
0.467566,5.5608e-46
0.463682,1.6427e-46
0.519266,9.6903e-46
0.516800,2.9834e-46
0.507945,8.9830e-48
0.487092,1.9688e-51
0.461433,1.4460e-56
0.453849,7.2745e-59
0.461039,5.7594e-58
0.481943,3.1302e-54
0.490042,9.9923e-54
0.510632,1.5974e-50
0.595523,5.3833e-42
0.656684,2.6382e-37
0.696298,6.8800e-34
0.704637,2.1175e-32
0.703844,7.0617e-32
0.768714,4.9794e-28
0.786960,3.9579e-27
0.813731,1.0843e-25
0.842187,2.8632e-24
0.833759,2.9798e-24
0.801291,3.7268e-25
0.779347,1.7943e-25
0.707683,7.7463e-28
0.665021,5.7833e-30
0.636865,1.3688e-32
0.619206,2.9141e-33
0.596860,5.5939e-34
0.573013,5.1473e-36
0.535523,4.8443e-39
0.495574,5.3457e-44
0.466286,5.4793e-48
0.421707,3.6615e-55
0.390034,5.7244e-62
0.348567,1.9008e-73
0.302391,1.4637e-88
0.281956,1.5826e-98
0.258051,3.3535e-111
0.251224,5.9330e-115
0.260338,3.1419e-110
0.292315,2.8067e-93
0.166452,3.2608e-204
0.175682,1.2397e-190
0.186834,3.0284e-175
0.179667,2.9347e-183
0.335247,3.3440e-79
0.316765,1.5295e-85
0.319936,2.8113e-84
0.251909,1.1625e-115
0.216542,5.6224e-137
0.216189,4.1915e-135
0.223468,1.1607e-127
0.219181,1.0809e-130
0.212017,1.2818e-133
0.220004,1.5727e-129
0.221468,1.7233e-127
0.213037,1.7933e-130
0.203986,4.9479e-138
0.181450,1.0225e-161
0.158963,3.4095e-193
0.133399,1.6634e-239
0.112322,1.8266e-303
0.097800,0.0000e+00
0.085277,0.0000e+00
0.072403,0.0000e+00
0.042992,0.0000e+00
0.099319,0.0000e+00
0.162034,4.3692e-205
0.144058,3.6506e-239
0.180085,9.4864e-180
0.175671,3.5578e-186
0.108785,0.0000e+00
0.085798,0.0000e+00
0.059737,0.0000e+00
0.596014,7.2056e-35
0.578562,6.3774e-36
0.559900,4.1420e-37
0.554980,3.6730e-37
0.556288,1.0548e-36
0.559888,4.5869e-36
0.560149,1.0839e-35
0.554153,6.2028e-36
0.615163,1.8053e-31
0.617090,2.5111e-31
0.613105,1.0588e-31
0.609597,4.2234e-32
0.665983,6.2297e-29
0.679887,2.5414e-28
0.683384,2.9260e-28
0.688770,4.1964e-28
0.694034,5.4524e-28
0.752867,1.4923e-24
0.783131,1.3008e-23
0.802788,5.3093e-23
0.816688,1.1238e-22
0.828131,1.8018e-22
0.837997,2.6183e-22
0.868049,6.2990e-22
0.889541,2.2328e-21
0.903295,4.4739e-21
0.916324,9.6253e-21
0.917422,9.4948e-21
0.929772,7.1049e-21
0.910971,1.8869e-21
0.920895,4.1189e-21
0.932015,1.0097e-20
0.906539,2.8491e-21
0.886993,1.4990e-21
0.919904,2.3615e-20
0.996307,2.9578e-18
1.025733,1.9391e-17
1.044070,6.4714e-17
0.989917,4.8673e-18
0.941400,3.2441e-19
0.930159,1.6607e-19
0.878162,5.6368e-21
0.894179,1.5485e-20
0.911251,3.6300e-20
0.866266,1.0532e-21
0.832487,4.9715e-23
0.787177,6.8662e-25
0.750342,1.6842e-26
0.701279,5.5022e-29
0.642533,4.5302e-32
0.579338,3.6894e-37
0.522406,4.9856e-43
0.486613,1.0817e-47
0.438789,5.4669e-55
0.386962,3.4767e-65
0.347933,1.9780e-75
0.311152,2.0909e-86
0.284728,6.4388e-98
0.244805,8.6309e-121
0.228697,1.6154e-133
0.211744,2.2680e-149
0.198181,1.6167e-164
0.216647,4.8627e-147
0.206094,4.5570e-158
0.209635,1.1465e-154
0.194344,1.0170e-170
0.189227,9.4266e-176
0.176790,7.4905e-191
0.175270,3.1881e-191
0.172021,2.5189e-191
0.169820,1.5910e-193
0.164388,4.2972e-201
0.157047,5.6541e-213
0.516746,1.5676e-44
0.508843,1.8260e-46
0.489060,1.8653e-49
0.478976,1.3416e-50
0.475315,9.1495e-51
0.474918,1.4150e-50
0.477983,1.0505e-49
0.456632,5.7730e-52
0.440980,3.8460e-53
0.419594,4.3718e-55
0.388399,4.0677e-59
0.197624,5.1315e-146
0.338481,4.2132e-72
0.323252,1.1546e-76
0.313743,2.1573e-79
0.297630,1.3407e-84
0.324849,4.3700e-67
0.357542,4.5961e-67
0.172171,6.3522e-179
0.172347,4.7239e-183
0.178663,1.6036e-178
0.164606,1.4463e-202
0.166414,1.5170e-203
0.157252,7.1300e-221
0.152288,2.6183e-230
0.150874,1.9934e-232
0.151509,1.0518e-230
0.138983,8.6114e-258
0.140282,2.4120e-254
0.143618,6.1149e-246
0.143825,5.0543e-244
0.133239,1.1178e-266
0.133808,6.6143e-263
0.139387,3.6190e-250
0.124282,2.3219e-293
0.109746,0.0000e+00
0.116277,8.6511e-321
0.110303,0.0000e+00
0.230324,6.3532e-130
0.279610,5.3494e-100
0.353562,1.2092e-73
0.417436,1.6527e-59
0.281368,1.2773e-97
0.235124,2.1030e-123
0.100528,0.0000e+00
0.089040,0.0000e+00
0.084071,0.0000e+00
0.079954,0.0000e+00
0.082636,0.0000e+00
0.078449,0.0000e+00
0.079799,0.0000e+00
0.081167,0.0000e+00
0.082773,0.0000e+00
0.084844,0.0000e+00
0.085481,0.0000e+00
0.086380,0.0000e+00
0.079103,0.0000e+00
0.080220,0.0000e+00
0.070912,0.0000e+00
0.063307,0.0000e+00
0.055934,0.0000e+00
0.092093,0.0000e+00
0.126807,9.3209e-268
0.145877,7.2479e-223
0.280463,1.4084e-96
0.346340,5.2349e-74
0.425262,4.2528e-57
0.378637,8.9065e-66
0.366469,2.3019e-68
0.354790,2.5132e-71
0.295905,2.9120e-90
0.260604,1.1879e-106
0.211954,7.0661e-139
0.126976,6.1108e-255
0.240616,2.0836e-112
0.261162,2.6659e-101
0.375364,9.2901e-64
0.334617,1.6052e-72
0.325299,4.3865e-74
0.324051,3.0953e-75
0.321422,6.1690e-76
0.320516,1.3419e-76
0.317009,5.2903e-78
0.313362,3.4405e-79
0.313017,2.6759e-79
0.311785,1.0358e-79
0.346828,2.0723e-69
0.346361,1.3849e-69
0.322623,5.1285e-76
0.355704,4.7970e-67
0.359062,3.7585e-66
0.362137,2.1958e-65
0.366620,3.5968e-64
0.371579,6.8099e-63
0.386421,1.1051e-59
0.382307,2.7500e-60
0.383268,6.7170e-60
0.425465,2.3437e-52
0.391275,4.7792e-58
0.433317,6.0127e-51
0.437860,3.4980e-50
0.443526,2.8697e-49
0.449167,1.8385e-48
0.455823,1.4340e-47
0.447470,1.1397e-48
0.540563,2.2395e-38
0.503809,7.2946e-42
0.546664,8.8890e-38
0.536352,1.1917e-38
0.537894,1.7932e-38
0.554933,5.7307e-37
0.613687,1.2731e-32
0.588603,2.5612e-34
0.589665,3.2841e-34
0.598011,1.3696e-33
0.527689,3.0610e-39
0.698145,9.5745e-28
0.691496,4.6200e-28
0.753303,3.0477e-25
0.738114,7.5914e-26
0.693058,7.0390e-28
0.752514,3.6147e-25
0.769517,1.7966e-24
0.798188,2.3706e-23
0.928628,2.4130e-19
0.989128,8.2826e-18
1.154389,1.1165e-14
1.201810,7.4516e-14
0.579302,3.5308e-33
1.428648,4.7470e-11
1.510499,3.2022e-10
1.574640,1.3325e-09
1.420345,1.1600e-10
0.816714,2.3964e-20
1.150699,2.0622e-13
1.352727,6.1419e-11
1.245776,5.7408e-12
1.219425,1.8127e-12
1.068646,6.7205e-15
1.033707,7.5518e-16
0.885235,1.8964e-19
0.822807,1.4117e-21
0.767299,9.2025e-24
0.661150,9.8203e-29
0.626623,7.6918e-31
0.601408,1.4008e-32
0.526509,1.3987e-38
0.564564,1.7402e-35
0.541131,1.5571e-37
0.527375,6.5126e-39
0.566008,8.7055e-36
0.452298,1.7442e-47
0.446477,2.1317e-48
0.481665,4.5429e-44
0.476477,9.9127e-45
0.473825,4.5765e-45
0.471629,2.3313e-45
0.470497,1.5765e-45
0.467870,6.8459e-46
0.467566,5.5608e-46
0.463682,1.6427e-46
1.212605,3.0219e-13
1.635572,2.8250e-09
2.555559,6.4567e-06
2.618745,1.0626e-05
2.677423,1.6303e-05
2.756659,2.8147e-05
2.821428,4.4471e-05
2.792802,4.4813e-05
2.903302,9.1439e-05
3.045380,2.0254e-04
3.269263,5.6643e-04
3.561112,1.7623e-03
3.888967,4.8701e-03
4.130909,1.2095e-02
4.484871,2.9594e-02
4.842326,6.0665e-02
1.920984,1.6745e-04
1.917716,2.3110e-04
1.895821,1.5143e-04
1.550985,5.9553e-06
1.522770,1.6773e-06
1.350558,5.9543e-08
1.304151,7.1237e-09
1.146612,6.5504e-11
1.137436,1.8245e-11
1.235469,9.8453e-11
1.327937,4.0105e-10
1.301054,1.2826e-10
1.273398,3.6330e-11
1.246905,1.0517e-11
1.105436,9.9358e-14
1.907329,2.0579e-07
0.634505,1.6036e-32
0.648103,1.3231e-31
0.662400,6.6850e-31
0.808941,2.4695e-24
0.968787,1.4229e-19
0.992782,6.1222e-19
1.025235,4.2865e-18
0.879188,1.1984e-21
0.896811,4.3408e-21
1.437727,5.3524e-12
1.314714,2.2786e-13
1.340998,4.3885e-13
1.319449,2.3228e-13
1.232994,1.6502e-14
1.220002,1.1421e-14
1.191428,4.1681e-15
1.288270,9.1464e-14
1.304815,1.6845e-13
1.334060,5.2397e-13
1.345676,9.7620e-13
1.328579,7.7662e-13
1.345306,1.2757e-12
1.390385,4.4677e-12
1.530638,1.2182e-10
1.448225,3.8879e-11
1.432813,3.5714e-11
1.451769,6.1011e-11
1.478823,1.2792e-10
1.583054,9.3570e-10
1.555947,6.2725e-10
1.536102,3.4781e-10
1.550504,6.8651e-10
1.540247,4.3598e-10
1.547829,4.8239e-10
0.691511,2.4019e-27
1.537822,1.6574e-10
1.492733,5.6283e-11
1.481829,4.5597e-11
1.468393,2.5250e-11
1.403635,3.5136e-12
1.347751,4.5215e-13
1.308787,2.5126e-13
1.312088,3.1048e-13
1.267370,7.8793e-14
1.248033,3.9822e-14
1.195598,5.5068e-15
1.117416,4.4900e-16
1.099515,1.8954e-16
1.051269,2.0474e-17
1.039575,1.3039e-17
0.992494,8.4891e-19
1.001200,1.8375e-18
0.999344,2.5122e-18
1.020525,5.6445e-18
1.012894,3.9623e-18
1.002860,3.5377e-18
0.982294,1.4460e-18
0.895021,4.2217e-21
0.830301,1.3366e-23
0.763326,1.2257e-26
0.748429,1.3709e-27
0.719460,1.3389e-29
0.706489,3.9036e-31
0.627826,4.3319e-37
0.549127,2.7069e-44
0.489250,9.5323e-51
0.486522,1.5667e-51
0.485884,2.0988e-51
0.481843,2.3568e-52
0.417087,1.1578e-63
0.345508,2.1320e-82
0.254586,1.8513e-113
0.147632,1.8186e-229
0.036519,0.0000e+00
0.065952,0.0000e+00
0.080348,0.0000e+00
0.083748,0.0000e+00
0.082941,0.0000e+00
0.190253,1.2502e-152
0.214059,1.0153e-128
0.215147,2.4952e-127
0.210460,1.0277e-131
0.209313,6.3776e-133
0.209310,4.5519e-133
0.207927,8.4022e-135
0.208904,7.4824e-134
0.208589,7.5721e-134
0.208295,1.1810e-133
0.205738,2.8474e-135
0.207071,1.1204e-133
0.209312,8.3896e-132
0.209908,5.8067e-131
0.211374,1.8201e-129
0.207177,1.6472e-132
0.206973,1.8843e-132
0.208948,1.3346e-130
0.210636,4.0875e-129
0.213148,4.2460e-127
0.216044,6.5844e-125
0.219705,2.8479e-122
0.222632,3.0039e-120
0.235836,8.6932e-112
0.239109,9.0415e-110
0.242281,7.8060e-108
0.246006,1.0441e-105
0.246839,3.6328e-105
0.250836,5.8648e-103
0.254189,3.3411e-101
0.256584,5.3109e-100
0.262234,2.8938e-97
0.258708,5.0980e-99
0.257069,6.8868e-100
0.288550,2.8912e-86
0.292834,1.0275e-84
0.295234,7.6791e-84
0.301019,9.2317e-82
0.303601,8.3277e-81
0.307583,1.7879e-79
0.322211,7.7571e-75
0.327280,3.1232e-73
0.335355,8.3205e-71
0.339134,1.1604e-69
0.345925,9.0226e-68
0.360993,4.8858e-64
0.402161,9.2619e-56
0.371990,2.0128e-61
0.429204,3.3904e-51
0.433343,1.6269e-50
0.389923,1.2595e-57
0.393276,5.7048e-57
0.397329,3.6205e-56
0.356805,2.9521e-64
0.359637,1.6189e-63
0.366869,7.4131e-62
0.602376,3.6589e-33
0.605263,6.7613e-33
0.624359,1.3035e-31
0.641490,1.5428e-30
0.664813,3.7247e-29
0.750254,4.5669e-25
0.772023,3.9873e-24
0.877866,1.4033e-20
0.905731,9.3172e-20
0.934999,5.8423e-19
0.665971,1.4877e-28
1.111895,2.7769e-15
1.153542,1.4762e-14
1.220652,1.5662e-13
1.316382,2.7089e-12
1.391744,1.9100e-11
1.476967,1.3574e-10
1.558532,7.4001e-10
1.502046,3.5466e-10
1.290157,5.3565e-12
1.273967,4.7547e-12
1.263664,4.7219e-12
1.264626,5.7469e-12
0.955362,1.0718e-16
0.946956,5.1205e-17
0.860067,2.2906e-19
0.828499,1.4220e-20
0.693993,6.2581e-26
0.687312,1.1871e-26
0.661998,2.7960e-28
0.761231,4.6402e-24
0.743494,6.3264e-25
0.704220,9.5304e-27
0.674537,2.6171e-28
0.579316,2.6725e-34
0.566271,1.8155e-35
0.533576,2.0866e-38
0.424061,1.6665e-51
0.446722,1.6563e-48
0.428341,2.2578e-51
0.408611,9.6032e-55
0.353225,4.9650e-66
0.381389,3.8888e-60
0.355255,5.3221e-66
0.345568,1.6531e-68
0.340040,4.7868e-70
0.336166,3.7987e-71
0.331134,1.3961e-72
0.324765,1.8417e-74
0.320883,1.3420e-75
0.322487,4.2346e-75
0.310662,1.0302e-78
0.309906,6.1096e-79
0.307644,1.0112e-79
0.302678,2.1928e-81
0.298997,1.1582e-82
0.300796,4.8810e-82
0.294420,2.4718e-84
0.290020,5.2653e-86
0.278765,1.8969e-90
0.277214,4.0744e-91
0.275782,1.1253e-91
0.275117,6.8293e-92
0.273079,1.0352e-92
0.516380,4.7527e-45
0.528816,1.8428e-43
0.540467,4.5069e-42
0.969433,2.3571e-20
0.983355,6.7596e-20
1.008834,3.7164e-19
1.133925,1.6342e-16
0.616648,1.7059e-34
0.653545,8.7121e-32
1.139766,5.8767e-16
0.681457,1.9232e-29
1.377015,1.8735e-12
1.423088,7.5596e-12
1.634800,5.6604e-10
1.682642,1.5637e-09
1.700275,2.5865e-09
0.975132,1.0124e-17
1.079824,1.4098e-15
1.910575,5.4570e-08
1.089748,2.5927e-15
1.096913,3.5365e-15
1.102951,4.4602e-15
1.238757,3.9732e-13
1.391631,2.1880e-11
1.422735,5.7222e-11
1.577105,1.4418e-09
1.598686,3.2932e-09
1.611355,6.3150e-09
1.674895,2.4083e-08
1.734005,7.4363e-08
1.328728,1.4417e-10
2.577981,3.7437e-05
2.212838,1.5406e-06
1.136174,1.2282e-14
2.543857,5.6987e-06
2.399758,1.8078e-06
1.813474,3.1127e-09
2.132318,8.4176e-08
2.135455,8.2101e-08
2.092491,3.6785e-08
1.911961,8.7223e-09
1.725089,1.5151e-09
1.546506,9.9176e-11
1.477870,3.7510e-11
1.370986,3.5969e-12
1.247476,8.4630e-14
1.158688,2.8845e-15
1.088348,1.3208e-16
1.013726,3.3958e-18
0.943842,1.2688e-19
0.894720,6.8010e-21
0.857592,6.8562e-22
0.831173,1.0815e-22
0.801728,9.5640e-24
0.775258,7.5387e-25
0.747488,2.7496e-26
0.725495,1.3265e-27
0.710765,1.3783e-28
0.691547,7.3748e-30
0.673444,4.5026e-31
0.658787,3.9377e-32
0.645187,4.0031e-33
0.637526,1.2773e-33
0.629599,4.4396e-34
0.608334,7.6489e-35
0.600030,1.6595e-35
0.623763,8.5825e-34
0.662033,2.8028e-31
0.732598,1.7937e-27
0.828389,1.6366e-23
0.853992,1.2322e-22
0.867414,4.0319e-22
0.909431,8.5056e-21
0.351872,3.4941e-72
0.310079,1.4359e-84
0.311511,2.8100e-83
0.287122,8.8761e-92
0.285900,4.8293e-92
0.314494,5.0797e-82
0.364249,5.1642e-68
0.427458,1.0855e-55
0.419619,4.0562e-57
0.383682,4.1580e-64
0.341197,1.0186e-74
0.367644,1.8665e-68
0.422893,1.0347e-57
0.450352,1.8942e-53
0.446209,2.4858e-54
0.438373,8.2969e-56
0.439002,5.9435e-56
0.416014,2.7431e-60
0.280819,1.8963e-100
0.467798,5.5294e-53
0.507927,4.7317e-48
0.358349,2.8468e-71
0.291073,4.3195e-94
0.225623,1.3091e-132
0.237823,3.4021e-124
0.205560,9.6020e-152
0.193251,2.5072e-164
0.181930,4.4222e-177
0.176230,1.9515e-183
0.167414,8.1810e-195
0.166734,7.0222e-194
0.164910,7.9542e-195
0.163931,2.2431e-194
0.159300,5.4036e-200
0.157075,1.2851e-201
0.164597,3.7840e-188
0.164288,1.5903e-188
0.160660,3.4620e-195
0.156798,1.9731e-202
0.120176,3.0568e-281
0.151151,5.2174e-217
0.153028,3.9253e-214
0.145648,1.2836e-229
0.145637,9.1447e-227
0.149519,1.1105e-219
0.153577,1.3368e-211
0.171666,1.9550e-181
0.207096,1.9276e-140
0.256309,1.8884e-105
0.178618,1.5714e-170
0.272907,5.7628e-97
0.235962,4.1967e-118
0.197359,1.6500e-147
0.171691,2.5148e-178
0.157958,2.4637e-200
0.148513,8.7596e-218
0.161545,8.5615e-194
0.180798,2.3998e-165
0.082542,0.0000e+00
0.160006,3.5794e-192
0.258477,7.9405e-103
0.398410,4.6464e-59
0.420067,4.6645e-55
0.499212,4.0476e-44
0.526763,6.6920e-41
0.428792,1.5203e-52
0.285400,1.3154e-87
0.305456,2.2317e-80
0.315732,3.1761e-77
0.312019,2.3158e-78
0.323944,2.0274e-74
0.319043,1.9153e-75
0.334251,2.9407e-70
0.294470,1.1663e-84
0.299345,1.0074e-82
0.298471,6.7330e-83
0.299642,2.2227e-82
0.304338,9.7232e-81
0.336672,5.8529e-71
0.340962,9.6719e-70
0.349298,1.4005e-67
0.345901,2.4555e-68
0.349354,2.0249e-67
0.352621,1.3302e-66
0.356841,1.4249e-65
0.391372,2.9655e-58
0.393593,9.1944e-58
0.398525,7.6687e-57
0.404930,9.5657e-56
0.406373,1.5068e-55
0.421144,3.9507e-53
0.381105,2.9742e-60
0.424416,1.4183e-52
0.477541,2.5867e-45
0.495631,3.1363e-43
0.500357,1.0776e-42
0.524500,3.1856e-40
0.529111,9.1470e-40
0.475290,2.1898e-45
0.581388,3.0778e-35
0.644754,6.3139e-31
0.647241,1.0303e-30
0.728666,1.7700e-26
0.901542,2.3248e-20
1.240211,2.3218e-14
1.187344,4.0291e-15
1.237502,4.5780e-14
1.301302,3.5902e-13
1.366511,2.3553e-12
1.422606,1.0366e-11
1.496267,5.9070e-11
1.518043,1.0246e-10
1.523161,1.2223e-10
1.546333,2.0343e-10
1.502379,9.0080e-11
1.421215,1.6988e-11
1.386762,7.8557e-12
1.388537,8.2469e-12
1.427470,2.0510e-11
1.494182,8.8288e-11
1.606960,7.3420e-10
1.717892,4.2320e-09
1.834782,2.0707e-08
1.883105,5.6611e-08
1.945572,9.1534e-08
2.136928,5.2448e-07
2.151100,6.0094e-07
2.179119,1.1038e-06
2.219156,4.5123e-06
1.184639,7.0278e-11
1.827413,7.7718e-06
2.168348,2.4571e-04
2.142676,1.6964e-04
1.860062,1.0069e-05
1.333226,3.7997e-09
1.857181,8.6512e-07
1.107825,4.0049e-13
1.063822,1.8408e-14
1.508117,6.2953e-10
1.450329,1.3376e-10
0.798149,6.6004e-22
1.234519,3.4728e-13
1.053407,4.0513e-16
0.897672,1.0267e-19
0.746156,7.4832e-25
0.710163,1.4572e-26
0.645523,5.0963e-30
1.212605,3.0219e-13
1.635572,2.8250e-09
2.555559,6.4567e-06
2.618745,1.0626e-05
2.677423,1.6303e-05
2.756659,2.8147e-05
2.821428,4.4471e-05
2.792802,4.4813e-05
2.903302,9.1439e-05
3.045380,2.0254e-04
3.269263,5.6643e-04
3.561112,1.7623e-03
3.888967,4.8701e-03
4.130909,1.2095e-02
4.484871,2.9594e-02
4.842326,6.0665e-02
1.920984,1.6745e-04
1.917716,2.3110e-04
1.895821,1.5143e-04
1.550985,5.9553e-06
1.522770,1.6773e-06
1.350558,5.9543e-08
1.304151,7.1237e-09
1.146612,6.5504e-11
1.137436,1.8245e-11
1.235469,9.8453e-11
1.327937,4.0105e-10
1.301054,1.2826e-10
1.273398,3.6330e-11
1.246905,1.0517e-11
1.105436,9.9358e-14
1.907329,2.0579e-07
0.126976,6.1108e-255
0.240616,2.0836e-112
0.261162,2.6659e-101
0.375364,9.2901e-64
0.334617,1.6052e-72
0.325299,4.3865e-74
0.324051,3.0953e-75
0.321422,6.1690e-76
0.320516,1.3419e-76
0.317009,5.2903e-78
0.313362,3.4405e-79
0.313017,2.6759e-79
0.311785,1.0358e-79
0.346828,2.0723e-69
0.346361,1.3849e-69
0.322623,5.1285e-76
0.355704,4.7970e-67
0.359062,3.7585e-66
0.362137,2.1958e-65
0.366620,3.5968e-64
0.371579,6.8099e-63
0.386421,1.1051e-59
0.382307,2.7500e-60
0.383268,6.7170e-60
0.425465,2.3437e-52
0.391275,4.7792e-58
0.433317,6.0127e-51
0.437860,3.4980e-50
0.443526,2.8697e-49
0.449167,1.8385e-48
0.455823,1.4340e-47
0.447470,1.1397e-48
0.540563,2.2395e-38
0.503809,7.2946e-42
0.546664,8.8890e-38
0.536352,1.1917e-38
0.537894,1.7932e-38
0.554933,5.7307e-37
0.613687,1.2731e-32
0.588603,2.5612e-34
0.589665,3.2841e-34
0.598011,1.3696e-33
0.527689,3.0610e-39
0.698145,9.5745e-28
0.691496,4.6200e-28
0.753303,3.0477e-25
0.738114,7.5914e-26
0.693058,7.0390e-28
0.752514,3.6147e-25
0.769517,1.7966e-24
0.798188,2.3706e-23
0.928628,2.4130e-19
0.989128,8.2826e-18
1.154389,1.1165e-14
1.201810,7.4516e-14
0.579302,3.5308e-33
1.428648,4.7470e-11
1.510499,3.2022e-10
1.574640,1.3325e-09
1.420345,1.1600e-10
0.816714,2.3964e-20
1.150699,2.0622e-13
1.352727,6.1419e-11
1.245776,5.7408e-12
1.219425,1.8127e-12
1.068646,6.7205e-15
1.033707,7.5518e-16
0.885235,1.8964e-19
0.822807,1.4117e-21
0.767299,9.2025e-24
0.661150,9.8203e-29
0.626623,7.6918e-31
0.601408,1.4008e-32
0.526509,1.3987e-38
0.564564,1.7402e-35
0.541131,1.5571e-37
0.527375,6.5126e-39
0.566008,8.7055e-36
0.452298,1.7442e-47
0.446477,2.1317e-48
0.481665,4.5429e-44
0.476477,9.9127e-45
0.473825,4.5765e-45
0.471629,2.3313e-45
0.470497,1.5765e-45
0.467870,6.8459e-46
0.467566,5.5608e-46
0.463682,1.6427e-46
0.393563,8.8625e-62
0.408751,7.1845e-59
0.464685,4.7591e-50
0.455895,3.3325e-51
0.661746,3.2128e-32
0.698395,3.5369e-30
0.652511,6.6439e-33
0.815138,7.1847e-25
0.856786,3.5022e-23
0.896002,1.0723e-21
0.951359,6.0869e-20
0.986920,6.8392e-19
0.781603,7.3610e-25
0.813101,2.3389e-23
1.344803,1.4089e-12
1.162825,1.1745e-14
1.196193,6.3545e-14
1.236248,4.4409e-13
1.108283,1.2113e-14
1.876065,5.2954e-08
1.700371,3.7792e-09
1.718645,2.9609e-09
1.707261,1.4274e-09
1.599973,1.7362e-10
1.725435,2.6883e-09
1.833854,1.0196e-08
1.971577,4.5174e-08
1.881174,3.1081e-08
0.900946,7.6069e-20
1.539087,1.4736e-10
1.358222,1.2793e-12
1.425162,4.1105e-12
1.588506,9.3389e-11
1.522752,1.6940e-11
1.591543,4.8883e-11
1.527256,1.3319e-11
1.722510,6.1286e-10
1.901446,7.7539e-09
2.092270,5.1892e-08
2.070313,4.3917e-08
2.052149,3.5510e-08
1.914454,8.3556e-09
1.958120,1.1509e-08
1.920833,8.3133e-09
1.858752,6.1123e-09
2.070712,5.7014e-08
1.042746,1.9847e-17
1.087895,2.6755e-16
1.095344,4.2308e-16
0.991378,2.9106e-18
0.987578,1.6083e-18
0.978047,6.4691e-19
0.860078,1.7209e-22
0.741479,1.4800e-27
0.719326,3.0792e-29
0.697229,7.3713e-31
0.676761,3.5140e-32
1.302420,3.3701e-14
1.047397,1.1969e-18
0.838609,6.4424e-25
1.089712,5.8473e-18
1.366486,1.5162e-13
0.715970,1.8539e-30
0.699185,1.3410e-31
0.573955,2.3921e-41
0.453099,9.0468e-57
0.416422,1.8876e-64
0.414926,1.9333e-65
0.317437,5.9255e-92
0.309838,2.2960e-94
0.301565,2.3683e-97
0.289057,3.8559e-102
0.296507,6.1201e-98
0.508853,2.0018e-42
0.511679,1.8811e-42
0.507861,2.1223e-43
0.500577,6.4760e-45
0.491830,1.1621e-46
0.480845,2.9246e-48
0.466171,6.5742e-50
0.455785,7.5711e-51
0.439816,1.6793e-53
0.473920,1.6381e-49
0.465257,1.7271e-51
0.454856,3.4778e-53
0.437880,6.7941e-56
0.429285,5.5550e-58
0.415207,7.0483e-61
0.404414,2.5048e-63
0.395765,1.9446e-65
0.395777,2.2877e-65
0.405179,2.2851e-63
0.400605,8.6894e-64
0.403200,2.5255e-63
0.415564,2.6344e-61
0.422460,2.1447e-59
0.226155,2.0768e-133
0.425432,9.5020e-57
0.401955,9.4540e-61
0.368485,6.8149e-66
0.341427,7.1087e-72
0.366861,2.5475e-64
0.159806,1.1030e-193
0.154652,6.1220e-202
0.321757,6.9163e-76
0.163725,4.2655e-185
0.136100,3.9521e-234
0.132551,3.3625e-241
0.129830,1.8198e-245
0.117149,4.9163e-277
0.094745,0.0000e+00
0.150902,2.1454e-184
0.144390,5.4758e-210
0.071732,0.0000e+00
0.069356,0.0000e+00
0.043458,0.0000e+00
0.061103,0.0000e+00
0.053090,0.0000e+00
0.042931,0.0000e+00
0.033957,0.0000e+00
0.036788,0.0000e+00
0.045540,0.0000e+00
0.049946,0.0000e+00
0.055524,0.0000e+00
0.062523,0.0000e+00
0.064158,0.0000e+00
0.065407,0.0000e+00
0.065982,0.0000e+00
0.053154,0.0000e+00
0.035525,0.0000e+00
0.032660,0.0000e+00
0.034724,0.0000e+00
0.035265,0.0000e+00
0.027269,0.0000e+00
0.096477,0.0000e+00
0.178808,1.1561e-163
0.317907,4.4246e-78
0.282482,2.1247e-90
0.301831,6.2958e-83
0.345524,3.8498e-70
0.224065,1.0494e-122
0.126360,2.6741e-258
0.082161,0.0000e+00
0.120018,2.3396e-280
0.144396,2.9907e-222
0.194821,1.4430e-152
0.126976,6.1108e-255
0.240616,2.0836e-112
0.261162,2.6659e-101
0.375364,9.2901e-64
0.334617,1.6052e-72
0.325299,4.3865e-74
0.324051,3.0953e-75
0.321422,6.1690e-76
0.320516,1.3419e-76
0.317009,5.2903e-78
0.313362,3.4405e-79
0.313017,2.6759e-79
0.311785,1.0358e-79
0.346828,2.0723e-69
0.346361,1.3849e-69
0.322623,5.1285e-76
0.355704,4.7970e-67
0.359062,3.7585e-66
0.362137,2.1958e-65
0.366620,3.5968e-64
0.371579,6.8099e-63
0.386421,1.1051e-59
0.382307,2.7500e-60
0.383268,6.7170e-60
0.425465,2.3437e-52
0.391275,4.7792e-58
0.433317,6.0127e-51
0.437860,3.4980e-50
0.443526,2.8697e-49
0.449167,1.8385e-48
0.455823,1.4340e-47
0.447470,1.1397e-48
0.540563,2.2395e-38
0.503809,7.2946e-42
0.546664,8.8890e-38
0.536352,1.1917e-38
0.537894,1.7932e-38
0.554933,5.7307e-37
0.613687,1.2731e-32
0.588603,2.5612e-34
0.589665,3.2841e-34
0.598011,1.3696e-33
0.527689,3.0610e-39
0.698145,9.5745e-28
0.691496,4.6200e-28
0.753303,3.0477e-25
0.738114,7.5914e-26
0.693058,7.0390e-28
0.752514,3.6147e-25
0.769517,1.7966e-24
0.798188,2.3706e-23
0.928628,2.4130e-19
0.989128,8.2826e-18
1.154389,1.1165e-14
1.201810,7.4516e-14
0.579302,3.5308e-33
1.428648,4.7470e-11
1.510499,3.2022e-10
1.574640,1.3325e-09
1.420345,1.1600e-10
0.816714,2.3964e-20
1.150699,2.0622e-13
1.352727,6.1419e-11
1.245776,5.7408e-12
1.219425,1.8127e-12
1.068646,6.7205e-15
1.033707,7.5518e-16
0.885235,1.8964e-19
0.822807,1.4117e-21
0.767299,9.2025e-24
0.661150,9.8203e-29
0.626623,7.6918e-31
0.601408,1.4008e-32
0.526509,1.3987e-38
0.564564,1.7402e-35
0.541131,1.5571e-37
0.527375,6.5126e-39
0.566008,8.7055e-36
0.452298,1.7442e-47
0.446477,2.1317e-48
0.481665,4.5429e-44
0.476477,9.9127e-45
0.473825,4.5765e-45
0.471629,2.3313e-45
0.470497,1.5765e-45
0.467870,6.8459e-46
0.467566,5.5608e-46
0.463682,1.6427e-46
1.255407,4.8174e-15
1.215753,1.7695e-15
1.113048,6.8561e-17
1.062060,1.8295e-17
0.994852,1.0678e-18
0.924555,2.6166e-20
0.916738,2.0123e-20
0.923014,3.1266e-20
0.917567,2.4109e-20
0.889972,6.5937e-21
0.875043,3.9174e-21
0.855908,1.4734e-21
0.868379,4.1086e-21
0.901787,3.7802e-20
0.920370,1.3189e-19
0.970096,2.0687e-18
0.960716,1.1104e-18
0.987723,4.1011e-18
1.013574,1.4564e-17
1.023480,2.6287e-17
1.159566,6.7720e-15
1.174457,9.7598e-15
1.192626,1.5576e-14
1.185056,1.4402e-14
1.507397,6.6363e-11
1.536306,2.7004e-10
1.528006,1.0889e-10
1.663404,8.1882e-10
1.246303,1.2857e-13
1.053998,9.3204e-18
0.915256,2.0504e-22
0.820909,1.0244e-26
0.736818,3.9282e-31
0.812959,3.4548e-27
1.202142,5.3335e-16
0.918623,7.6989e-22
0.934714,2.1116e-20
0.835574,3.4994e-25
0.741532,3.1193e-30
0.947472,1.1029e-22
0.873066,3.2842e-25
0.858060,4.9497e-26
0.742704,2.7324e-31
0.629509,1.2630e-38
0.602368,3.3301e-41
0.580971,8.8803e-44
0.562563,1.9141e-46
0.550922,6.4131e-48
0.522798,2.8050e-51
0.508778,5.7242e-53
0.477844,1.8537e-57
0.436058,6.7481e-65
0.416092,1.6512e-68
0.397463,6.2860e-72
0.385019,5.6952e-74
0.371555,2.4626e-76
0.348026,3.5450e-81
0.332222,1.5686e-86
0.316109,1.4670e-92
0.304770,5.1339e-97
0.276603,1.6001e-109
0.268240,7.8365e-113
0.332672,3.7552e-84
0.362720,7.9912e-75
0.438810,3.7968e-58
0.528457,1.5411e-45
0.434057,5.3285e-59
0.482684,2.1325e-51
0.408237,1.5774e-64
0.280907,5.3586e-107
0.252621,7.9381e-124
0.235588,3.9664e-136
0.261116,3.2380e-118
0.146044,2.9971e-223
0.161042,1.4416e-197
0.153441,2.6713e-209
0.153159,1.3909e-208
0.175719,5.8488e-175
0.177919,1.1074e-173
0.184246,1.1326e-167
0.114922,4.1786e-310
0.205815,2.5625e-146
0.116190,9.5376e-304
0.115749,7.7678e-305
0.204930,3.0597e-147
0.116444,9.6789e-307
0.108025,0.0000e+00
0.107343,0.0000e+00
0.120394,1.2753e-285
0.121126,7.5282e-279
0.119293,3.1263e-282
0.113777,1.3133e-302
0.110883,1.5577e-315
0.111976,5.9779e-311
0.111905,1.0452e-306
0.298186,9.5075e-86
0.383950,4.2305e-61
0.331862,3.4240e-72
0.407273,6.8979e-55
0.446761,3.9770e-48
0.493826,5.8409e-42
0.582278,3.5265e-34
0.595259,7.3516e-34
0.584744,1.1768e-35
0.587272,3.0752e-36
0.599522,4.1786e-35
0.624043,7.7702e-33
0.694625,4.6123e-28
0.673632,9.3410e-29
0.671074,7.8736e-29
0.678341,4.3311e-29
0.634683,2.1359e-32
0.572374,1.7199e-37
0.572597,5.8580e-38
0.567959,1.1369e-38
0.612315,4.9840e-35
0.587100,1.3171e-36
0.561981,3.1729e-38
0.532411,1.7144e-40
0.500796,3.2405e-44
0.465168,3.5065e-48
0.431856,1.2665e-53
0.404219,1.7097e-58
0.385427,9.6567e-62
0.389334,1.4964e-59
0.405390,1.4530e-55
0.166368,6.2391e-178
0.358803,2.5224e-65
0.307230,4.5730e-80
0.255078,1.7759e-101
0.246959,3.2477e-105
0.214924,3.3332e-123
0.090404,0.0000e+00
0.134507,6.1093e-230
0.110220,1.8955e-300
0.097527,0.0000e+00
0.124383,7.9000e-256
0.093878,0.0000e+00
0.157650,6.8896e-181
0.146406,8.8548e-202
0.137564,5.5003e-222
0.113993,1.3757e-286
0.110045,6.2949e-304
0.123835,2.0103e-265
0.171011,2.5076e-178
0.153333,1.7335e-207
0.126976,6.1108e-255
0.240616,2.0836e-112
0.261162,2.6659e-101
0.375364,9.2901e-64
0.334617,1.6052e-72
0.325299,4.3865e-74
0.324051,3.0953e-75
0.321422,6.1690e-76
0.320516,1.3419e-76
0.317009,5.2903e-78
0.313362,3.4405e-79
0.313017,2.6759e-79
0.311785,1.0358e-79
0.346828,2.0723e-69
0.346361,1.3849e-69
0.322623,5.1285e-76
0.355704,4.7970e-67
0.359062,3.7585e-66
0.362137,2.1958e-65
0.366620,3.5968e-64
0.371579,6.8099e-63
0.386421,1.1051e-59
0.382307,2.7500e-60
0.383268,6.7170e-60
0.425465,2.3437e-52
0.391275,4.7792e-58
0.433317,6.0127e-51
0.437860,3.4980e-50
0.443526,2.8697e-49
0.449167,1.8385e-48
0.455823,1.4340e-47
0.447470,1.1397e-48
0.540563,2.2395e-38
0.503809,7.2946e-42
0.546664,8.8890e-38
0.536352,1.1917e-38
0.537894,1.7932e-38
0.554933,5.7307e-37
0.613687,1.2731e-32
0.588603,2.5612e-34
0.589665,3.2841e-34
0.598011,1.3696e-33
0.527689,3.0610e-39
0.698145,9.5745e-28
0.691496,4.6200e-28
0.753303,3.0477e-25
0.738114,7.5914e-26
0.693058,7.0390e-28
0.752514,3.6147e-25
0.769517,1.7966e-24
0.798188,2.3706e-23
0.928628,2.4130e-19
0.989128,8.2826e-18
1.154389,1.1165e-14
1.201810,7.4516e-14
0.579302,3.5308e-33
1.428648,4.7470e-11
1.510499,3.2022e-10
1.574640,1.3325e-09
1.420345,1.1600e-10
0.816714,2.3964e-20
1.150699,2.0622e-13
1.352727,6.1419e-11
1.245776,5.7408e-12
1.219425,1.8127e-12
1.068646,6.7205e-15
1.033707,7.5518e-16
0.885235,1.8964e-19
0.822807,1.4117e-21
0.767299,9.2025e-24
0.661150,9.8203e-29
0.626623,7.6918e-31
0.601408,1.4008e-32
0.526509,1.3987e-38
0.564564,1.7402e-35
0.541131,1.5571e-37
0.527375,6.5126e-39
0.566008,8.7055e-36
0.452298,1.7442e-47
0.446477,2.1317e-48
0.481665,4.5429e-44
0.476477,9.9127e-45
0.473825,4.5765e-45
0.471629,2.3313e-45
0.470497,1.5765e-45
0.467870,6.8459e-46
0.467566,5.5608e-46
0.463682,1.6427e-46
0.519266,9.6903e-46
0.516800,2.9834e-46
0.507945,8.9830e-48
0.487092,1.9688e-51
0.461433,1.4460e-56
0.453849,7.2745e-59
0.461039,5.7594e-58
0.481943,3.1302e-54
0.490042,9.9923e-54
0.510632,1.5974e-50
0.595523,5.3833e-42
0.656684,2.6382e-37
0.696298,6.8800e-34
0.704637,2.1175e-32
0.703844,7.0617e-32
0.768714,4.9794e-28
0.786960,3.9579e-27
0.813731,1.0843e-25
0.842187,2.8632e-24
0.833759,2.9798e-24
0.801291,3.7268e-25
0.779347,1.7943e-25
0.707683,7.7463e-28
0.665021,5.7833e-30
0.636865,1.3688e-32
0.619206,2.9141e-33
0.596860,5.5939e-34
0.573013,5.1473e-36
0.535523,4.8443e-39
0.495574,5.3457e-44
0.466286,5.4793e-48
0.421707,3.6615e-55
0.390034,5.7244e-62
0.348567,1.9008e-73
0.302391,1.4637e-88
0.281956,1.5826e-98
0.258051,3.3535e-111
0.251224,5.9330e-115
0.260338,3.1419e-110
0.292315,2.8067e-93
0.166452,3.2608e-204
0.175682,1.2397e-190
0.186834,3.0284e-175
0.179667,2.9347e-183
0.335247,3.3440e-79
0.316765,1.5295e-85
0.319936,2.8113e-84
0.251909,1.1625e-115
0.216542,5.6224e-137
0.216189,4.1915e-135
0.223468,1.1607e-127
0.219181,1.0809e-130
0.212017,1.2818e-133
0.220004,1.5727e-129
0.221468,1.7233e-127
0.213037,1.7933e-130
0.203986,4.9479e-138
0.181450,1.0225e-161
0.158963,3.4095e-193
0.133399,1.6634e-239
0.112322,1.8266e-303
0.097800,0.0000e+00
0.085277,0.0000e+00
0.072403,0.0000e+00
0.042992,0.0000e+00
0.099319,0.0000e+00
0.162034,4.3692e-205
0.144058,3.6506e-239
0.180085,9.4864e-180
0.175671,3.5578e-186
0.108785,0.0000e+00
0.085798,0.0000e+00
0.059737,0.0000e+00
0.423524,1.3218e-53
0.415566,6.4913e-55
0.420872,7.0762e-55
0.426046,1.2535e-54
0.438786,1.3937e-53
0.445734,2.3551e-53
0.436462,2.8361e-55
0.451650,2.5882e-54
0.469192,7.5079e-53
0.473562,1.8818e-52
0.457845,1.5056e-54
0.445130,5.7891e-56
0.437712,1.0770e-56
0.438801,2.5841e-56
0.437046,1.9339e-56
0.430162,1.3819e-57
0.419777,2.1027e-59
0.417794,3.3431e-60
0.420715,2.0033e-60
0.412516,1.1651e-61
0.405051,2.4148e-62
0.401964,1.6424e-62
0.395469,1.8423e-63
0.380637,4.3239e-66
0.370187,5.4210e-68
0.386636,5.1701e-64
0.350224,3.3400e-73
0.336626,1.7770e-76
0.325090,9.9172e-80
0.314838,2.5830e-83
0.302360,1.0776e-87
0.230620,4.3237e-127
0.303127,4.3039e-91
0.293341,1.8154e-94
0.273444,7.1578e-101
0.259285,7.0439e-108
0.257583,5.6025e-108
0.234619,2.6921e-121
0.203158,1.5927e-146
0.174273,1.4751e-180
0.141961,1.1538e-236
0.127030,1.9615e-252
0.112508,6.9169e-323
0.101589,0.0000e+00
0.091218,0.0000e+00
0.085117,0.0000e+00
0.075723,0.0000e+00
0.068445,0.0000e+00
0.062568,0.0000e+00
0.074665,0.0000e+00
0.089086,0.0000e+00
0.064511,0.0000e+00
0.091708,0.0000e+00
0.077850,0.0000e+00
0.065784,0.0000e+00
0.081281,0.0000e+00
0.075894,0.0000e+00
0.071822,0.0000e+00
0.062622,0.0000e+00
0.055651,0.0000e+00
0.041177,0.0000e+00
0.042502,0.0000e+00
0.039304,0.0000e+00
0.039988,0.0000e+00
0.050145,0.0000e+00
0.078094,0.0000e+00
0.104521,0.0000e+00
0.169943,4.2455e-189
0.277915,1.9522e-100
0.361610,1.2984e-71
0.380573,1.2067e-66
0.441028,7.2015e-55
0.516698,9.6486e-45
0.408852,1.1691e-65
0.460882,8.2877e-56
0.556180,1.6737e-43
0.619238,7.8897e-38
0.599086,2.5072e-39
0.591205,9.3339e-40
0.631104,2.1511e-36
0.665068,6.8182e-34
0.459778,2.4516e-53
0.738745,4.5021e-29
0.961562,1.1934e-20
1.075389,1.2087e-17
1.215845,6.1401e-15
0.951779,9.8490e-20
0.952608,1.5866e-19
1.691037,7.4481e-10
1.655532,4.1804e-10
1.713983,1.0682e-09
0.826444,6.4664e-23
0.861473,2.7023e-21
2.003192,1.2229e-07
2.188001,9.5465e-07
2.111097,5.5746e-07
2.212906,1.2124e-06
2.070019,3.7691e-07
1.799014,3.8247e-08
0.654718,2.4645e-28
1.900624,5.3814e-08
1.863570,2.4384e-08
1.783223,6.3286e-09
1.795619,1.0607e-08
1.783320,1.8795e-08
1.798317,4.2174e-08
1.756214,2.2039e-08
1.647936,3.2837e-09
1.546975,3.5784e-10
1.486391,7.2495e-11
1.463522,3.7832e-11
1.425613,1.8433e-11
1.365852,7.7053e-12
1.329859,3.8048e-12
1.285295,1.2765e-12
1.251205,4.0100e-13
1.226381,2.2820e-13
1.207028,1.4340e-13
1.169698,9.9224e-14
1.145479,3.8402e-14
1.135383,2.3398e-14
1.151373,4.6584e-14
1.163352,7.9506e-14
1.112437,8.7934e-15
1.079502,1.0046e-15
1.022399,2.6013e-17
0.960926,2.7401e-19
0.920050,7.1876e-21
0.885554,2.3808e-22
0.852709,9.8469e-24
0.808329,7.3404e-25
0.785046,9.7704e-26
0.756494,4.2426e-27
0.733637,2.6698e-28
0.715161,2.8930e-29
0.667422,7.3546e-32
0.614991,1.8890e-35
0.546683,9.9823e-42
0.523114,8.1878e-45
0.494487,1.2411e-48
0.457352,4.6280e-54
0.451727,2.2209e-55
0.442402,1.1700e-57
0.408370,4.2356e-65
0.410338,1.4807e-66
0.421298,1.4986e-64
1.199579,2.0584e-14
1.193921,2.1459e-14
1.210480,4.5798e-14
1.214933,7.0904e-14
1.225555,1.2023e-13
1.224662,1.4022e-13
1.235086,2.2094e-13
1.356176,5.5258e-12
1.298163,1.2049e-12
1.304834,1.4870e-12
1.308332,1.6088e-12
1.308253,1.4140e-12
1.306103,1.1236e-12
1.429564,2.6588e-11
1.435275,2.8647e-11
1.465490,4.5595e-11
1.479126,5.5938e-11
1.533954,3.5310e-10
1.564722,6.4704e-10
1.603997,1.4052e-09
1.690325,3.9182e-09
1.218425,1.6401e-13
1.976852,2.5967e-08
2.016333,4.3303e-08
2.065982,7.5755e-08
2.088190,9.6970e-08
2.085090,1.2334e-07
2.193571,3.3971e-07
2.211323,3.9525e-07
2.246419,5.3535e-07
2.256121,5.7605e-07
2.282896,7.3542e-07
2.174310,3.5697e-07
2.233426,6.3656e-07
2.009065,9.1372e-08
2.047631,1.4824e-07
2.110135,2.9010e-07
2.206615,6.9667e-07
2.303963,1.5160e-06
2.384471,2.7971e-06
2.491293,6.1518e-06
2.592788,1.2772e-05
2.688776,2.5892e-05
2.789269,4.6229e-05
2.968578,1.4332e-04
3.250405,5.7603e-04
3.396153,1.3400e-03
3.699665,4.3998e-03
4.130223,1.8095e-02
4.654421,5.7130e-02
5.223838,1.5896e-01
5.900719,3.8598e-01
5.988542,7.7478e-01
6.383068,1.2415e+00
6.054944,2.4216e+00
6.240920,2.9399e+00
2.948352,2.4313e+00
3.224024,2.4489e+00
2.871266,2.1447e+00
2.796367,1.6971e+00
2.713333,9.6656e-01
2.568439,3.4285e-01
2.469314,1.4627e-01
2.154499,3.5189e-02
2.306825,1.7826e-02
2.032146,3.2092e-03
1.968609,9.1502e-04
1.912166,2.5503e-04
1.687118,2.0050e-05
1.630284,3.9355e-06
1.580795,7.5422e-07
1.537091,1.4336e-07
1.491477,2.6947e-08
1.443521,4.7729e-09
1.396964,8.1133e-10
1.350793,1.2546e-10
1.200170,1.2075e-12
1.161977,1.4095e-13
1.125652,1.6890e-14
0.980517,1.7176e-17
0.919964,2.8635e-19
0.794313,1.9351e-23
0.753198,1.9535e-25
0.294470,1.1663e-84
0.299345,1.0074e-82
0.298471,6.7330e-83
0.299642,2.2227e-82
0.304338,9.7232e-81
0.336672,5.8529e-71
0.340962,9.6719e-70
0.349298,1.4005e-67
0.345901,2.4555e-68
0.349354,2.0249e-67
0.352621,1.3302e-66
0.356841,1.4249e-65
0.391372,2.9655e-58
0.393593,9.1944e-58
0.398525,7.6687e-57
0.404930,9.5657e-56
0.406373,1.5068e-55
0.421144,3.9507e-53
0.381105,2.9742e-60
0.424416,1.4183e-52
0.477541,2.5867e-45
0.495631,3.1363e-43
0.500357,1.0776e-42
0.524500,3.1856e-40
0.529111,9.1470e-40
0.475290,2.1898e-45
0.581388,3.0778e-35
0.644754,6.3139e-31
0.647241,1.0303e-30
0.728666,1.7700e-26
0.901542,2.3248e-20
1.240211,2.3218e-14
1.187344,4.0291e-15
1.237502,4.5780e-14
1.301302,3.5902e-13
1.366511,2.3553e-12
1.422606,1.0366e-11
1.496267,5.9070e-11
1.518043,1.0246e-10
1.523161,1.2223e-10
1.546333,2.0343e-10
1.502379,9.0080e-11
1.421215,1.6988e-11
1.386762,7.8557e-12
1.388537,8.2469e-12
1.427470,2.0510e-11
1.494182,8.8288e-11
1.606960,7.3420e-10
1.717892,4.2320e-09
1.834782,2.0707e-08
1.883105,5.6611e-08
1.945572,9.1534e-08
2.136928,5.2448e-07
2.151100,6.0094e-07
2.179119,1.1038e-06
2.219156,4.5123e-06
1.184639,7.0278e-11
1.827413,7.7718e-06
2.168348,2.4571e-04
2.142676,1.6964e-04
1.860062,1.0069e-05
1.333226,3.7997e-09
1.857181,8.6512e-07
1.107825,4.0049e-13
1.063822,1.8408e-14
1.508117,6.2953e-10
1.450329,1.3376e-10
0.798149,6.6004e-22
1.234519,3.4728e-13
1.053407,4.0513e-16
0.897672,1.0267e-19
0.746156,7.4832e-25
0.710163,1.4572e-26
0.645523,5.0963e-30
0.126976,6.1108e-255
0.240616,2.0836e-112
0.261162,2.6659e-101
0.375364,9.2901e-64
0.334617,1.6052e-72
0.325299,4.3865e-74
0.324051,3.0953e-75
0.321422,6.1690e-76
0.320516,1.3419e-76
0.317009,5.2903e-78
0.313362,3.4405e-79
0.313017,2.6759e-79
0.311785,1.0358e-79
0.346828,2.0723e-69
0.346361,1.3849e-69
0.322623,5.1285e-76
0.355704,4.7970e-67
0.359062,3.7585e-66
0.362137,2.1958e-65
0.366620,3.5968e-64
0.371579,6.8099e-63
0.386421,1.1051e-59
0.382307,2.7500e-60
0.383268,6.7170e-60
0.425465,2.3437e-52
0.391275,4.7792e-58
0.433317,6.0127e-51
0.437860,3.4980e-50
0.443526,2.8697e-49
0.449167,1.8385e-48
0.455823,1.4340e-47
0.447470,1.1397e-48
0.540563,2.2395e-38
0.503809,7.2946e-42
0.546664,8.8890e-38
0.536352,1.1917e-38
0.537894,1.7932e-38
0.554933,5.7307e-37
0.613687,1.2731e-32
0.588603,2.5612e-34
0.589665,3.2841e-34
0.598011,1.3696e-33
0.527689,3.0610e-39
0.698145,9.5745e-28
0.691496,4.6200e-28
0.753303,3.0477e-25
0.738114,7.5914e-26
0.693058,7.0390e-28
0.752514,3.6147e-25
0.769517,1.7966e-24
0.798188,2.3706e-23
0.928628,2.4130e-19
0.989128,8.2826e-18
1.154389,1.1165e-14
1.201810,7.4516e-14
0.579302,3.5308e-33
1.428648,4.7470e-11
1.510499,3.2022e-10
1.574640,1.3325e-09
1.420345,1.1600e-10
0.816714,2.3964e-20
1.150699,2.0622e-13
1.352727,6.1419e-11
1.245776,5.7408e-12
1.219425,1.8127e-12
1.068646,6.7205e-15
1.033707,7.5518e-16
0.885235,1.8964e-19
0.822807,1.4117e-21
0.767299,9.2025e-24
0.661150,9.8203e-29
0.626623,7.6918e-31
0.601408,1.4008e-32
0.526509,1.3987e-38
0.564564,1.7402e-35
0.541131,1.5571e-37
0.527375,6.5126e-39
0.566008,8.7055e-36
0.452298,1.7442e-47
0.446477,2.1317e-48
0.481665,4.5429e-44
0.476477,9.9127e-45
0.473825,4.5765e-45
0.471629,2.3313e-45
0.470497,1.5765e-45
0.467870,6.8459e-46
0.467566,5.5608e-46
0.463682,1.6427e-46
0.294470,1.1663e-84
0.299345,1.0074e-82
0.298471,6.7330e-83
0.299642,2.2227e-82
0.304338,9.7232e-81
0.336672,5.8529e-71
0.340962,9.6719e-70
0.349298,1.4005e-67
0.345901,2.4555e-68
0.349354,2.0249e-67
0.352621,1.3302e-66
0.356841,1.4249e-65
0.391372,2.9655e-58
0.393593,9.1944e-58
0.398525,7.6687e-57
0.404930,9.5657e-56
0.406373,1.5068e-55
0.421144,3.9507e-53
0.381105,2.9742e-60
0.424416,1.4183e-52
0.477541,2.5867e-45
0.495631,3.1363e-43
0.500357,1.0776e-42
0.524500,3.1856e-40
0.529111,9.1470e-40
0.475290,2.1898e-45
0.581388,3.0778e-35
0.644754,6.3139e-31
0.647241,1.0303e-30
0.728666,1.7700e-26
0.901542,2.3248e-20
1.240211,2.3218e-14
1.187344,4.0291e-15
1.237502,4.5780e-14
1.301302,3.5902e-13
1.366511,2.3553e-12
1.422606,1.0366e-11
1.496267,5.9070e-11
1.518043,1.0246e-10
1.523161,1.2223e-10
1.546333,2.0343e-10
1.502379,9.0080e-11
1.421215,1.6988e-11
1.386762,7.8557e-12
1.388537,8.2469e-12
1.427470,2.0510e-11
1.494182,8.8288e-11
1.606960,7.3420e-10
1.717892,4.2320e-09
1.834782,2.0707e-08
1.883105,5.6611e-08
1.945572,9.1534e-08
2.136928,5.2448e-07
2.151100,6.0094e-07
2.179119,1.1038e-06
2.219156,4.5123e-06
1.184639,7.0278e-11
1.827413,7.7718e-06
2.168348,2.4571e-04
2.142676,1.6964e-04
1.860062,1.0069e-05
1.333226,3.7997e-09
1.857181,8.6512e-07
1.107825,4.0049e-13
1.063822,1.8408e-14
1.508117,6.2953e-10
1.450329,1.3376e-10
0.798149,6.6004e-22
1.234519,3.4728e-13
1.053407,4.0513e-16
0.897672,1.0267e-19
0.746156,7.4832e-25
0.710163,1.4572e-26
0.645523,5.0963e-30
1.718504,5.1135e-09
1.818209,1.2620e-08
1.884820,3.2413e-08
1.957773,9.6194e-08
2.068390,3.5426e-07
2.185434,1.1879e-06
2.262540,2.4634e-06
2.382294,5.8130e-06
2.508118,1.3108e-05
2.546226,2.2937e-05
2.651211,4.6707e-05
2.742877,8.5890e-05
2.857847,1.6305e-04
2.737082,8.9574e-05
2.819750,1.4947e-04
1.209164,1.2939e-11
1.315126,1.7589e-10
1.299024,1.1980e-10
1.301296,1.1369e-10
1.304847,9.2812e-11
1.193903,4.4131e-12
1.195299,3.1131e-12
1.190388,1.8875e-12
1.072020,3.4090e-14
1.063092,2.2011e-14
1.045955,1.0239e-14
1.517521,1.3784e-09
1.028587,2.6190e-15
1.341954,2.1867e-11
1.295938,4.2834e-12
1.262737,1.0152e-12
1.241215,3.5068e-13
1.091149,1.4923e-15
1.044230,1.5148e-16
1.003204,1.6509e-17
0.873667,7.1630e-21
0.904373,3.4978e-20
0.856691,1.0652e-21
0.751827,1.3282e-25
0.295236,1.0040e-98
0.295609,9.4286e-98
0.294626,9.0480e-98
0.294076,8.2657e-98
0.326401,1.5198e-85
0.569290,2.4254e-42
0.624776,1.0980e-37
0.708803,3.1429e-32
0.738388,1.2514e-30
0.760126,1.6455e-29
0.891676,3.5280e-24
0.964844,7.4830e-22
0.745725,8.3584e-30
0.787423,1.0817e-27
0.799292,4.7304e-27
0.910185,5.6644e-23
0.951544,1.1894e-21
0.963158,3.5962e-21
0.962231,5.4198e-21
1.064996,2.1653e-18
0.962837,1.2601e-20
0.873609,4.4731e-23
1.674315,1.5895e-10
1.651412,1.3414e-10
1.590479,5.4519e-11
1.578599,4.6531e-11
0.711509,5.6233e-29
1.371773,4.8363e-13
1.390105,3.4714e-13
1.316726,3.9444e-14
1.227720,9.6597e-16
0.849843,5.5853e-26
0.864325,4.3944e-26
0.783688,2.7356e-30
0.706102,1.5057e-35
0.626395,1.7620e-42
0.608632,9.0317e-45
0.594483,2.5521e-46
0.568472,1.5731e-48
0.514737,1.6013e-54
0.480530,2.6675e-59
0.437869,4.6069e-67
0.178854,2.1974e-206
0.166461,4.5134e-228
0.152526,2.3336e-255
0.145353,7.3985e-271
0.137145,2.3269e-291
0.130809,4.6096e-309
0.127275,5.7939e-320
0.126220,1.9763e-323
0.125748,0.0000e+00
0.128697,8.3840e-315
0.125700,4.9407e-324
0.115891,0.0000e+00
0.117280,0.0000e+00
0.111550,0.0000e+00
0.105948,0.0000e+00
0.101673,0.0000e+00
0.092545,0.0000e+00
0.085211,0.0000e+00
0.074917,0.0000e+00
0.067592,0.0000e+00
0.066134,0.0000e+00
0.118660,2.3828e-315
0.054909,0.0000e+00
0.045241,0.0000e+00
0.039969,0.0000e+00
0.052495,0.0000e+00
0.044554,0.0000e+00
0.037786,0.0000e+00
0.036267,0.0000e+00
0.057036,0.0000e+00
0.059081,0.0000e+00
1.212605,3.0219e-13
1.635572,2.8250e-09
2.555559,6.4567e-06
2.618745,1.0626e-05
2.677423,1.6303e-05
2.756659,2.8147e-05
2.821428,4.4471e-05
2.792802,4.4813e-05
2.903302,9.1439e-05
3.045380,2.0254e-04
3.269263,5.6643e-04
3.561112,1.7623e-03
3.888967,4.8701e-03
4.130909,1.2095e-02
4.484871,2.9594e-02
4.842326,6.0665e-02
1.920984,1.6745e-04
1.917716,2.3110e-04
1.895821,1.5143e-04
1.550985,5.9553e-06
1.522770,1.6773e-06
1.350558,5.9543e-08
1.304151,7.1237e-09
1.146612,6.5504e-11
1.137436,1.8245e-11
1.235469,9.8453e-11
1.327937,4.0105e-10
1.301054,1.2826e-10
1.273398,3.6330e-11
1.246905,1.0517e-11
1.105436,9.9358e-14
1.907329,2.0579e-07
0.126976,6.1108e-255
0.240616,2.0836e-112
0.261162,2.6659e-101
0.375364,9.2901e-64
0.334617,1.6052e-72
0.325299,4.3865e-74
0.324051,3.0953e-75
0.321422,6.1690e-76
0.320516,1.3419e-76
0.317009,5.2903e-78
0.313362,3.4405e-79
0.313017,2.6759e-79
0.311785,1.0358e-79
0.346828,2.0723e-69
0.346361,1.3849e-69
0.322623,5.1285e-76
0.355704,4.7970e-67
0.359062,3.7585e-66
0.362137,2.1958e-65
0.366620,3.5968e-64
0.371579,6.8099e-63
0.386421,1.1051e-59
0.382307,2.7500e-60
0.383268,6.7170e-60
0.425465,2.3437e-52
0.391275,4.7792e-58
0.433317,6.0127e-51
0.437860,3.4980e-50
0.443526,2.8697e-49
0.449167,1.8385e-48
0.455823,1.4340e-47
0.447470,1.1397e-48
0.540563,2.2395e-38
0.503809,7.2946e-42
0.546664,8.8890e-38
0.536352,1.1917e-38
0.537894,1.7932e-38
0.554933,5.7307e-37
0.613687,1.2731e-32
0.588603,2.5612e-34
0.589665,3.2841e-34
0.598011,1.3696e-33
0.527689,3.0610e-39
0.698145,9.5745e-28
0.691496,4.6200e-28
0.753303,3.0477e-25
0.738114,7.5914e-26
0.693058,7.0390e-28
0.752514,3.6147e-25
0.769517,1.7966e-24
0.798188,2.3706e-23
0.928628,2.4130e-19
0.989128,8.2826e-18
1.154389,1.1165e-14
1.201810,7.4516e-14
0.579302,3.5308e-33
1.428648,4.7470e-11
1.510499,3.2022e-10
1.574640,1.3325e-09
1.420345,1.1600e-10
0.816714,2.3964e-20
1.150699,2.0622e-13
1.352727,6.1419e-11
1.245776,5.7408e-12
1.219425,1.8127e-12
1.068646,6.7205e-15
1.033707,7.5518e-16
0.885235,1.8964e-19
0.822807,1.4117e-21
0.767299,9.2025e-24
0.661150,9.8203e-29
0.626623,7.6918e-31
0.601408,1.4008e-32
0.526509,1.3987e-38
0.564564,1.7402e-35
0.541131,1.5571e-37
0.527375,6.5126e-39
0.566008,8.7055e-36
0.452298,1.7442e-47
0.446477,2.1317e-48
0.481665,4.5429e-44
0.476477,9.9127e-45
0.473825,4.5765e-45
0.471629,2.3313e-45
0.470497,1.5765e-45
0.467870,6.8459e-46
0.467566,5.5608e-46
0.463682,1.6427e-46
1.212605,3.0219e-13
1.635572,2.8250e-09
2.555559,6.4567e-06
2.618745,1.0626e-05
2.677423,1.6303e-05
2.756659,2.8147e-05
2.821428,4.4471e-05
2.792802,4.4813e-05
2.903302,9.1439e-05
3.045380,2.0254e-04
3.269263,5.6643e-04
3.561112,1.7623e-03
3.888967,4.8701e-03
4.130909,1.2095e-02
4.484871,2.9594e-02
4.842326,6.0665e-02
1.920984,1.6745e-04
1.917716,2.3110e-04
1.895821,1.5143e-04
1.550985,5.9553e-06
1.522770,1.6773e-06
1.350558,5.9543e-08
1.304151,7.1237e-09
1.146612,6.5504e-11
1.137436,1.8245e-11
1.235469,9.8453e-11
1.327937,4.0105e-10
1.301054,1.2826e-10
1.273398,3.6330e-11
1.246905,1.0517e-11
1.105436,9.9358e-14
1.907329,2.0579e-07
0.945557,9.1381e-21
0.943819,2.3838e-20
0.918893,1.3872e-18
0.851612,5.7211e-24
0.813385,3.9302e-25
0.769270,2.0873e-26
0.716300,1.4958e-28
0.659968,1.5487e-32
0.628958,3.7402e-35
0.626981,2.6671e-36
0.622563,9.0755e-37
0.546855,8.2368e-44
0.475116,7.4359e-53
0.402129,2.5116e-66
0.381325,3.0228e-71
0.342630,3.7701e-82
0.308971,6.8437e-94
0.290588,2.4494e-101
0.272472,5.2018e-110
0.101958,0.0000e+00
0.105269,0.0000e+00
0.099415,0.0000e+00
0.096096,0.0000e+00
0.090382,0.0000e+00
0.085180,0.0000e+00
0.081427,0.0000e+00
0.081194,0.0000e+00
0.079509,0.0000e+00
0.079139,0.0000e+00
0.074991,0.0000e+00
0.066154,0.0000e+00
0.104619,0.0000e+00
0.101278,0.0000e+00
0.097812,0.0000e+00
0.090183,0.0000e+00
0.081307,0.0000e+00
0.074659,0.0000e+00
0.076499,0.0000e+00
0.073673,0.0000e+00
0.073772,0.0000e+00
0.075457,0.0000e+00
0.053782,0.0000e+00
0.164609,1.0678e-196
0.138509,5.1435e-251
0.239185,6.7254e-124
0.279228,5.5707e-101
0.297078,3.6814e-93
0.338315,5.2758e-78
0.355537,2.8729e-74
0.370529,1.5987e-70
0.341875,7.5562e-77
0.336461,6.5752e-76
0.327885,1.0130e-78
0.330470,2.5846e-78
0.337060,1.9928e-76
0.339210,3.3955e-75
0.342823,1.4111e-73
0.336032,3.0943e-75
0.327772,4.3652e-78
0.307377,8.9500e-84
0.292251,1.0504e-88
0.277947,1.6682e-94
0.270617,1.3391e-97
0.263264,1.6025e-101
0.253718,1.5869e-109
0.245139,1.8491e-113
0.236939,2.1637e-117
0.229779,2.8443e-120
0.237408,2.9646e-116
0.210418,1.2949e-134
0.201333,5.6630e-144
0.197362,3.5883e-149
0.190088,2.5884e-157
1.818653,5.2333e-09
1.704374,1.3206e-09
1.609672,2.9774e-10
1.518544,5.6981e-11
1.629855,3.9957e-10
2.010403,6.2849e-08
2.174043,3.3635e-07
2.128636,2.6760e-07
2.117981,2.8544e-07
2.009271,1.2153e-07
2.037069,1.5361e-07
2.060656,1.7961e-07
2.107203,2.8357e-07
2.103990,3.3064e-07
2.097055,3.5973e-07
2.083204,3.3960e-07
2.097092,4.0038e-07
2.142007,6.9552e-07
2.228371,1.7723e-06
2.335445,4.6185e-06
2.321406,4.3712e-06
2.312495,3.6739e-06
2.301051,2.6255e-06
2.284570,1.9267e-06
2.257376,1.4333e-06
2.264002,1.5207e-06
2.278420,1.6644e-06
2.283648,1.6867e-06
2.291745,1.6764e-06
2.111630,3.9816e-07
1.861531,5.2251e-08
1.838753,4.3544e-08
1.615992,2.4710e-09
1.562603,1.0287e-09
1.524252,5.4633e-10
1.504826,4.0574e-10
1.472573,2.2495e-10
1.429278,9.2480e-11
1.383103,2.6611e-11
1.406071,3.1939e-11
1.460763,8.4378e-11
1.443045,6.1106e-11
1.435798,5.7556e-11
1.381401,1.7919e-11
1.304479,2.3222e-12
1.203374,8.6810e-14
1.156097,1.2631e-14
1.146404,7.8238e-15
1.105863,1.4193e-15
1.096386,7.4444e-16
1.076564,2.3240e-16
1.055854,5.9313e-17
1.010693,4.1748e-18
0.982533,6.3745e-19
0.944972,1.1754e-19
0.861787,2.5039e-22
0.680876,1.7008e-30
0.655036,3.3793e-32
0.629412,4.5944e-34
0.605447,7.4075e-36
0.574562,1.8065e-37
0.576631,3.1842e-37
0.583401,7.1011e-37
0.578039,1.1848e-37
0.558116,1.3831e-39
0.559575,2.0943e-39
0.541667,3.3371e-41
0.532313,2.8525e-42
0.497449,2.6684e-46
0.493188,1.0081e-46
0.468590,1.3750e-48
0.451867,1.9399e-50
0.441124,1.1549e-51
0.021769,0.0000e+00
0.028758,0.0000e+00
0.039648,0.0000e+00
0.046690,0.0000e+00
0.053926,0.0000e+00
0.062733,0.0000e+00
0.067279,0.0000e+00
0.070040,0.0000e+00
0.072592,0.0000e+00
0.074715,0.0000e+00
0.084268,0.0000e+00
0.086791,0.0000e+00
0.089072,0.0000e+00
0.091493,0.0000e+00
0.094122,0.0000e+00
0.094267,0.0000e+00
0.094773,0.0000e+00
0.096962,0.0000e+00
0.098620,0.0000e+00
0.100508,0.0000e+00
0.102043,0.0000e+00
0.104670,3.9525e-323
0.105053,1.0425e-321
0.106489,2.9273e-316
0.108218,8.5256e-310
0.116273,2.0827e-282
0.129798,4.5987e-245
0.133943,3.0259e-235
0.136715,5.4915e-229
0.138938,3.3552e-224
0.140879,3.7043e-220
0.142576,9.9435e-217
0.145710,1.2230e-210
0.149225,3.9339e-204
0.151285,2.6880e-200
0.152908,2.9894e-197
0.155210,3.8932e-193
0.157006,6.0512e-190
0.174656,2.2564e-165
0.176145,2.6841e-163
0.178374,2.1150e-160
0.181796,2.6514e-156
0.184976,1.1331e-152
0.187923,1.8721e-149
0.184071,2.4285e-153
0.186872,2.5908e-150
0.191348,9.7937e-146
0.195255,5.7658e-142
0.197991,1.9301e-139
0.222061,2.2948e-120
0.226432,2.1932e-117
0.232476,1.8504e-113
0.238024,4.5477e-110
0.243638,8.1338e-107
0.250128,2.6685e-103
0.257910,2.4012e-99
0.267622,8.6831e-95
0.276978,1.0136e-90
0.286299,5.9908e-87
0.323567,2.0612e-74
0.345271,1.5854e-68
0.360066,5.6603e-65
0.371939,2.4806e-62
0.381068,1.9788e-60
0.390964,1.9057e-58
0.399119,6.9396e-57
0.410056,6.8499e-55
0.414862,5.2802e-54
0.424995,2.8045e-52
0.436883,2.1773e-50
0.443800,2.6622e-49
0.457106,2.0014e-47
0.513756,6.7228e-41
1.109797,6.6091e-16
1.128800,1.4591e-15
1.141356,2.4376e-15
1.164564,5.9021e-15
1.192888,1.6252e-14
1.209754,2.9612e-14
1.232112,6.2161e-14
1.249077,1.0866e-13
1.273398,2.2709e-13
1.303468,5.3912e-13
1.201653,2.6992e-14
1.224675,5.8467e-14
1.243461,1.0709e-13
1.252911,1.4892e-13
1.245629,1.2540e-13
1.277034,3.2090e-13
1.287712,4.3747e-13
1.314156,9.0710e-13
1.337648,1.6963e-12
1.366263,3.5673e-12
1.394966,7.3806e-12
1.397249,8.2062e-12
1.408451,1.0987e-11
1.426172,1.6810e-11
1.448151,2.7520e-11
1.457356,3.4441e-11
1.438937,2.4468e-11
0.799540,8.1119e-23
0.790404,4.3487e-23
0.966532,4.6425e-18
0.968574,5.3448e-18
0.798576,9.6258e-23
0.969102,5.2321e-18
0.976327,7.2398e-18
1.082602,8.4868e-16
0.742882,6.4407e-25
0.742814,6.2474e-25
0.751270,1.2989e-24
0.746771,7.8909e-25
0.739360,3.5717e-25
0.664052,9.0707e-29
0.657642,3.6035e-29
0.652597,1.7208e-29
0.638029,2.2283e-30
0.899714,5.3186e-20
0.886366,2.0169e-20
0.874721,8.4197e-21
0.850069,1.3502e-21
0.780746,5.0777e-24
0.864473,2.8754e-21
0.777738,3.0749e-24
0.765961,9.5622e-25
0.741353,8.5159e-26
0.726834,1.7649e-26
0.707593,2.0090e-27
0.691528,2.7388e-28
0.671508,2.0346e-29
0.588788,9.7620e-35
0.570680,3.2763e-36
0.546871,2.8883e-38
0.481159,5.8983e-45
0.467093,1.0384e-46
0.406603,1.2369e-55
0.348624,1.2970e-67
0.343168,4.8921e-69
0.323390,1.6291e-74
0.303688,8.4608e-81
0.286288,3.2820e-87
0.258766,2.6478e-99
0.251363,3.7502e-103
0.239657,9.9133e-110
0.229029,2.3346e-116
0.218236,7.4767e-124
0.191729,2.4311e-146
0.187075,3.7042e-151
0.198954,7.9084e-140
0.191041,2.0444e-147
0.182250,8.6682e-157
0.175060,3.1422e-165
0.168016,2.0804e-174
0.161792,3.2754e-183
0.136591,5.7936e-228
0.132753,1.5177e-236
0.036519,0.0000e+00
0.065952,0.0000e+00
0.080348,0.0000e+00
0.083748,0.0000e+00
0.082941,0.0000e+00
0.190253,1.2502e-152
0.214059,1.0153e-128
0.215147,2.4952e-127
0.210460,1.0277e-131
0.209313,6.3776e-133
0.209310,4.5519e-133
0.207927,8.4022e-135
0.208904,7.4824e-134
0.208589,7.5721e-134
0.208295,1.1810e-133
0.205738,2.8474e-135
0.207071,1.1204e-133
0.209312,8.3896e-132
0.209908,5.8067e-131
0.211374,1.8201e-129
0.207177,1.6472e-132
0.206973,1.8843e-132
0.208948,1.3346e-130
0.210636,4.0875e-129
0.213148,4.2460e-127
0.216044,6.5844e-125
0.219705,2.8479e-122
0.222632,3.0039e-120
0.235836,8.6932e-112
0.239109,9.0415e-110
0.242281,7.8060e-108
0.246006,1.0441e-105
0.246839,3.6328e-105
0.250836,5.8648e-103
0.254189,3.3411e-101
0.256584,5.3109e-100
0.262234,2.8938e-97
0.258708,5.0980e-99
0.257069,6.8868e-100
0.288550,2.8912e-86
0.292834,1.0275e-84
0.295234,7.6791e-84
0.301019,9.2317e-82
0.303601,8.3277e-81
0.307583,1.7879e-79
0.322211,7.7571e-75
0.327280,3.1232e-73
0.335355,8.3205e-71
0.339134,1.1604e-69
0.345925,9.0226e-68
0.360993,4.8858e-64
0.402161,9.2619e-56
0.371990,2.0128e-61
0.429204,3.3904e-51
0.433343,1.6269e-50
0.389923,1.2595e-57
0.393276,5.7048e-57
0.397329,3.6205e-56
0.356805,2.9521e-64
0.359637,1.6189e-63
0.366869,7.4131e-62
0.602376,3.6589e-33
0.605263,6.7613e-33
0.624359,1.3035e-31
0.641490,1.5428e-30
0.664813,3.7247e-29
0.750254,4.5669e-25
0.772023,3.9873e-24
0.877866,1.4033e-20
0.905731,9.3172e-20
0.934999,5.8423e-19
0.665971,1.4877e-28
1.111895,2.7769e-15
1.153542,1.4762e-14
1.220652,1.5662e-13
1.316382,2.7089e-12
1.391744,1.9100e-11
1.476967,1.3574e-10
1.558532,7.4001e-10
1.502046,3.5466e-10
1.290157,5.3565e-12
1.273967,4.7547e-12
1.263664,4.7219e-12
1.264626,5.7469e-12
0.955362,1.0718e-16
0.946956,5.1205e-17
0.860067,2.2906e-19
0.828499,1.4220e-20
0.693993,6.2581e-26
0.687312,1.1871e-26
0.661998,2.7960e-28
0.761231,4.6402e-24
0.743494,6.3264e-25
0.704220,9.5304e-27
0.674537,2.6171e-28
0.579316,2.6725e-34
0.566271,1.8155e-35
0.533576,2.0866e-38
0.424061,1.6665e-51
0.446722,1.6563e-48
0.428341,2.2578e-51
0.408611,9.6032e-55
0.353225,4.9650e-66
0.381389,3.8888e-60
0.355255,5.3221e-66
0.345568,1.6531e-68
0.340040,4.7868e-70
0.336166,3.7987e-71
0.331134,1.3961e-72
0.324765,1.8417e-74
0.320883,1.3420e-75
0.322487,4.2346e-75
0.310662,1.0302e-78
0.309906,6.1096e-79
0.307644,1.0112e-79
0.302678,2.1928e-81
0.298997,1.1582e-82
0.300796,4.8810e-82
0.294420,2.4718e-84
0.290020,5.2653e-86
0.278765,1.8969e-90
0.277214,4.0744e-91
0.275782,1.1253e-91
0.275117,6.8293e-92
0.273079,1.0352e-92
1.718504,5.1135e-09
1.818209,1.2620e-08
1.884820,3.2413e-08
1.957773,9.6194e-08
2.068390,3.5426e-07
2.185434,1.1879e-06
2.262540,2.4634e-06
2.382294,5.8130e-06
2.508118,1.3108e-05
2.546226,2.2937e-05
2.651211,4.6707e-05
2.742877,8.5890e-05
2.857847,1.6305e-04
2.737082,8.9574e-05
2.819750,1.4947e-04
1.209164,1.2939e-11
1.315126,1.7589e-10
1.299024,1.1980e-10
1.301296,1.1369e-10
1.304847,9.2812e-11
1.193903,4.4131e-12
1.195299,3.1131e-12
1.190388,1.8875e-12
1.072020,3.4090e-14
1.063092,2.2011e-14
1.045955,1.0239e-14
1.517521,1.3784e-09
1.028587,2.6190e-15
1.341954,2.1867e-11
1.295938,4.2834e-12
1.262737,1.0152e-12
1.241215,3.5068e-13
1.091149,1.4923e-15
1.044230,1.5148e-16
1.003204,1.6509e-17
0.873667,7.1630e-21
0.904373,3.4978e-20
0.856691,1.0652e-21
0.751827,1.3282e-25
1.660639,1.8298e-10
1.989329,2.1493e-08
0.818563,1.1236e-23
1.182642,8.3410e-15
1.101659,7.9731e-16
1.159048,1.0039e-14
0.778534,9.6964e-24
1.159688,1.4176e-14
1.158090,1.9901e-14
1.257334,6.9735e-13
1.148253,3.2288e-14
2.456999,6.2418e-06
2.370376,3.3269e-06
2.436998,5.1931e-06
1.126385,1.3256e-14
2.608409,1.4309e-05
2.612283,1.5035e-05
2.292266,3.0752e-06
2.170799,1.2283e-06
2.119095,8.2055e-07
2.173891,1.4327e-06
2.247797,2.7660e-06
2.458823,8.8917e-06
2.575762,1.7218e-05
2.671144,3.2272e-05
2.714496,4.4979e-05
2.760827,6.3740e-05
2.808796,8.6861e-05
2.765542,7.2250e-05
2.814294,8.2736e-05
2.799006,6.9524e-05
2.775143,5.4501e-05
2.711317,3.2839e-05
2.689598,2.4345e-05
2.721282,2.5923e-05
1.172297,7.4199e-14
2.730463,3.0380e-05
1.089078,8.2421e-15
1.210881,6.5100e-13
1.207194,5.0870e-13
2.696187,2.3717e-05
1.995518,1.1679e-07
1.514696,4.7794e-11
1.415234,3.6236e-12
1.637929,3.3746e-10
1.822894,6.5676e-09
1.749766,4.2516e-09
1.694679,2.0055e-09
1.636320,7.9995e-10
1.415923,7.8193e-12
1.357217,9.2948e-13
1.315622,1.7375e-13
1.237558,1.1457e-14
1.181371,1.4484e-15
1.117805,1.1441e-16
1.094847,4.7339e-17
1.077447,2.3213e-17
1.065724,1.2649e-17
1.012417,2.0201e-18
0.979126,2.9152e-19
0.951632,4.7986e-20
0.957030,4.4779e-20
0.958634,2.8604e-20
0.941725,6.1463e-21
0.970248,3.1799e-20
0.969130,2.9983e-20
0.955149,3.4770e-20
0.942590,1.5376e-20
0.903510,1.2049e-21
0.839795,8.7106e-24
0.765411,6.6698e-27
0.699800,2.9454e-30
0.612713,5.3875e-36
0.366318,7.4516e-68
0.375930,1.9663e-65
0.388638,1.7873e-62
0.403479,1.4005e-59
0.426105,1.0643e-56
0.500203,1.0737e-47
0.267957,1.4935e-104
0.398682,8.6237e-63
0.463164,8.4951e-52
0.553683,3.1438e-41
0.514497,5.2585e-45
0.606922,1.4919e-36
0.624618,2.4977e-35
0.548495,1.3251e-41
0.560978,1.6309e-40
0.634145,9.4670e-35
0.487871,4.2785e-48
0.489222,7.6587e-48
0.538488,1.9811e-42
0.585585,3.0632e-38
0.551981,4.0305e-41
0.570630,2.5116e-39
0.587640,1.0361e-37
0.503927,2.1078e-45
0.757191,3.1558e-27
0.704344,1.3190e-29
0.660734,6.3550e-32
0.642707,5.3434e-33
0.597400,3.0271e-36
0.689554,2.3600e-30
0.495425,7.0740e-46
0.487837,5.1892e-47
0.478736,1.8714e-48
0.462499,7.8865e-51
0.479432,8.3479e-49
0.516430,9.4841e-45
0.522806,1.9547e-44
0.488521,9.7149e-49
0.493881,2.7995e-48
0.505920,6.1041e-47
0.500171,7.7244e-48
0.523850,2.0043e-45
0.602698,4.3053e-38
0.647742,1.4845e-35
0.622936,1.5619e-37
0.590144,1.3474e-39
0.557184,1.0410e-41
0.573660,1.9081e-40
0.586580,3.9288e-39
0.333522,3.2147e-82
0.605274,4.9236e-38
0.602625,3.1078e-38
0.600081,1.5938e-38
0.594314,5.1700e-39
0.580613,4.4436e-40
0.558667,5.5542e-42
0.552321,1.6382e-42
0.541882,1.7021e-43
0.528575,7.3967e-45
0.521095,1.2555e-45
0.504051,1.3165e-47
0.487747,1.1263e-49
0.489941,2.0566e-49
0.486439,4.3065e-50
0.485320,1.2953e-50
0.459109,6.7997e-55
0.432135,1.0219e-59
0.399571,1.5572e-66
0.375942,9.4397e-73
0.356167,4.4656e-79
0.337238,4.4533e-86
0.325199,2.0032e-91
0.322620,1.7403e-93
0.564980,5.9471e-37
0.505471,2.7215e-43
0.229225,9.0874e-120
0.414998,1.9446e-54
0.401166,2.1285e-56
0.373726,1.9319e-62
0.342119,2.9626e-71
0.285515,6.6389e-92
0.118916,1.0390e-293
0.110559,0.0000e+00
0.106415,0.0000e+00
0.103653,0.0000e+00
0.102588,0.0000e+00
0.102675,0.0000e+00
0.101526,0.0000e+00
0.089530,0.0000e+00
0.090738,0.0000e+00
0.181412,1.4323e-171
0.159052,2.8105e-200
0.142333,1.2101e-229
0.127114,6.8526e-266
0.079175,0.0000e+00
0.067192,0.0000e+00
0.070087,0.0000e+00
0.073712,0.0000e+00
0.070894,0.0000e+00
0.065996,0.0000e+00
0.041280,0.0000e+00
0.035248,0.0000e+00
0.032267,0.0000e+00
0.029174,0.0000e+00
0.026092,0.0000e+00
0.026148,0.0000e+00
0.030503,0.0000e+00
0.113040,1.8679e-289
0.194368,8.0858e-145
0.263483,1.0395e-98
0.173292,1.6323e-171
0.164075,3.4592e-188
0.211886,1.0127e-138
0.287573,2.0525e-95
0.369331,5.3365e-70
0.322645,3.4476e-83
0.337784,1.0769e-78
0.353295,1.1835e-74
0.271739,8.0485e-105
0.189798,3.2003e-167
0.134673,7.5246e-261
0.108439,0.0000e+00
0.101757,0.0000e+00
0.067356,0.0000e+00
0.026795,0.0000e+00
0.030413,0.0000e+00
0.025165,0.0000e+00
0.029466,0.0000e+00
0.029773,0.0000e+00
0.046087,0.0000e+00
0.042460,0.0000e+00
0.034570,0.0000e+00
0.051637,0.0000e+00
0.068751,0.0000e+00
0.082010,0.0000e+00
0.106028,0.0000e+00
0.150533,3.9050e-216
0.197143,1.2366e-152
0.225786,2.6860e-128
0.256133,1.7175e-109
0.239135,4.5490e-120
0.186969,5.5043e-166
0.161378,4.0526e-202
0.126595,1.9316e-278
0.086670,0.0000e+00
0.043885,0.0000e+00
0.324823,3.5446e-80
0.349557,5.1055e-73
0.380949,1.7952e-65
0.416015,1.0803e-58
0.466613,1.9147e-52
0.531997,6.1368e-42
0.598344,1.2945e-37
0.645742,1.6156e-34
0.685415,1.1580e-31
0.706576,3.9246e-30
0.714490,1.5197e-29
0.710237,4.3254e-30
0.699560,4.1206e-31
0.745276,6.7359e-28
0.746676,8.9922e-28
0.751380,1.7577e-27
0.749734,2.7216e-27
0.738206,1.8501e-27
0.716042,1.6026e-28
0.694612,6.2958e-30
0.680463,6.7948e-31
0.666833,1.0628e-31
0.647311,5.5309e-33
0.629343,2.7978e-34
0.598880,1.0041e-36
0.581888,1.8945e-38
0.564261,5.7128e-40
0.549872,5.3943e-41
0.510171,4.4763e-44
0.485446,2.8568e-47
0.459543,3.9683e-51
0.429133,3.2308e-56
0.397700,1.2272e-62
0.368635,1.4489e-69
0.339760,1.3076e-77
0.304849,3.4107e-90
0.276559,6.3326e-103
0.253963,6.6643e-115
0.251294,3.5724e-116
0.247172,2.2089e-118
0.114554,4.7344e-314
0.110612,0.0000e+00
0.102038,0.0000e+00
0.186297,2.5709e-172
0.110370,0.0000e+00
0.097374,0.0000e+00
0.096327,0.0000e+00
0.092943,0.0000e+00
0.090472,0.0000e+00
0.088561,0.0000e+00
0.083640,0.0000e+00
0.079687,0.0000e+00
0.068845,0.0000e+00
0.071518,0.0000e+00
0.078780,0.0000e+00
0.122822,2.2279e-295
0.072956,0.0000e+00
0.073689,0.0000e+00
0.069314,0.0000e+00
0.072381,0.0000e+00
0.079720,0.0000e+00
0.087179,0.0000e+00
0.078524,0.0000e+00
0.077207,0.0000e+00
0.076938,0.0000e+00
0.070754,0.0000e+00
0.059687,0.0000e+00
0.036196,0.0000e+00
0.033276,0.0000e+00
0.030507,0.0000e+00
0.027851,0.0000e+00
0.032939,0.0000e+00
0.029742,0.0000e+00
0.137747,2.2283e-216
0.304730,6.8395e-77
0.294253,7.4444e-81
0.283872,2.7482e-85
0.273393,3.6451e-90
0.264491,1.0086e-94
0.255459,9.2617e-100
0.245752,1.1543e-105
0.237701,4.1598e-111
0.239897,3.8477e-110
0.279682,1.0869e-89
0.268455,4.7177e-95
0.264107,1.7417e-97
0.252955,1.4806e-103
0.247213,7.3963e-107
0.242131,8.8248e-110
0.237186,1.3119e-112
0.239506,8.4650e-111
0.228706,1.2817e-117
0.228523,9.4296e-115
0.228297,2.3190e-114
0.216095,9.8254e-123
0.213832,3.4042e-124
0.305626,1.2809e-82
0.316689,9.2043e-79
0.152160,9.5497e-201
0.153267,5.4971e-199
0.232064,1.2371e-111
0.242306,9.7375e-108
0.223010,9.6444e-118
0.231109,3.0400e-113
0.116937,1.3314e-287
0.120973,2.0153e-277
0.127741,8.7608e-261
0.131755,7.2855e-253
0.129820,1.0840e-259
0.126956,1.0083e-268
0.123250,7.7174e-280
0.110878,8.9890e-320
0.106483,0.0000e+00
0.104511,0.0000e+00
0.099235,0.0000e+00
0.093885,0.0000e+00
0.087229,0.0000e+00
0.085769,0.0000e+00
0.079433,0.0000e+00
0.072758,0.0000e+00
0.068821,0.0000e+00
0.061441,0.0000e+00
0.049758,0.0000e+00
0.043807,0.0000e+00
0.037307,0.0000e+00
0.036134,0.0000e+00
0.037969,0.0000e+00
0.046177,0.0000e+00
0.059928,0.0000e+00
0.071840,0.0000e+00
0.077137,0.0000e+00
0.083866,0.0000e+00
0.077368,0.0000e+00
0.073334,0.0000e+00
0.075513,0.0000e+00
0.075943,0.0000e+00
0.077637,0.0000e+00
0.129689,3.8722e-256
0.278626,1.2209e-95
0.280583,1.2255e-94
0.284156,2.6256e-93
0.289234,1.0051e-91
0.303830,3.6645e-82
0.300490,4.9781e-84
0.295604,9.9718e-87
0.290365,1.0731e-89
0.465705,1.5395e-52
0.461612,4.0325e-53
0.424457,4.8171e-59
0.435702,4.4296e-57
0.727526,4.8788e-30
0.443393,1.4536e-55
0.481898,9.4596e-50
0.489558,1.6478e-48
0.490090,3.1109e-48
0.668792,1.3144e-32
0.682828,1.1156e-31
0.685999,2.1066e-31
0.513408,5.9652e-45
0.516426,1.4895e-44
0.531382,6.4129e-43
0.879274,5.7131e-23
0.904255,3.7322e-22
0.927644,1.8873e-21
0.645765,1.8540e-33
0.668640,5.5684e-32
0.708997,1.2796e-29
0.823929,1.8257e-24
0.868496,8.7673e-23
0.877728,2.3715e-22
0.792197,3.3853e-25
1.383939,8.7546e-13
1.527774,2.6357e-11
1.498757,1.6475e-11
1.484721,1.1910e-11
0.868951,4.2097e-22
1.239494,3.2828e-14
1.446240,1.7954e-11
1.481278,1.0818e-10
1.662805,5.9362e-09
1.307538,1.2339e-11
2.263174,2.8673e-06
2.176776,1.1699e-06
2.136173,5.1989e-07
2.132817,3.1595e-07
2.078398,1.2780e-07
2.018321,4.6048e-08
1.341855,4.4639e-13
2.080878,7.2825e-08
1.984299,2.8901e-08
1.976520,2.6733e-08
1.706412,1.8967e-09
1.561203,1.6045e-10
1.463437,2.0923e-11
1.387336,3.2715e-12
1.287815,2.3223e-13
1.229133,3.8853e-14
1.166484,9.6902e-15
1.150149,5.2749e-15
1.139776,3.8218e-15
1.128112,2.4844e-15
1.123071,2.2688e-15
1.146297,6.1265e-15
1.145279,6.1888e-15
1.140459,5.0993e-15
1.098696,9.5469e-16
1.070050,2.7393e-16
1.044413,8.0849e-17
1.078568,3.7060e-16
1.055084,1.2513e-16
1.021626,2.2455e-17
1.065921,8.2164e-17
1.097387,1.9358e-16
1.128183,5.3215e-16
1.158122,1.5608e-15
1.191511,4.9857e-15
1.169265,2.1168e-15
1.141731,6.5550e-16
1.112951,1.7110e-16
0.126976,6.1108e-255
0.240616,2.0836e-112
0.261162,2.6659e-101
0.375364,9.2901e-64
0.334617,1.6052e-72
0.325299,4.3865e-74
0.324051,3.0953e-75
0.321422,6.1690e-76
0.320516,1.3419e-76
0.317009,5.2903e-78
0.313362,3.4405e-79
0.313017,2.6759e-79
0.311785,1.0358e-79
0.346828,2.0723e-69
0.346361,1.3849e-69
0.322623,5.1285e-76
0.355704,4.7970e-67
0.359062,3.7585e-66
0.362137,2.1958e-65
0.366620,3.5968e-64
0.371579,6.8099e-63
0.386421,1.1051e-59
0.382307,2.7500e-60
0.383268,6.7170e-60
0.425465,2.3437e-52
0.391275,4.7792e-58
0.433317,6.0127e-51
0.437860,3.4980e-50
0.443526,2.8697e-49
0.449167,1.8385e-48
0.455823,1.4340e-47
0.447470,1.1397e-48
0.540563,2.2395e-38
0.503809,7.2946e-42
0.546664,8.8890e-38
0.536352,1.1917e-38
0.537894,1.7932e-38
0.554933,5.7307e-37
0.613687,1.2731e-32
0.588603,2.5612e-34
0.589665,3.2841e-34
0.598011,1.3696e-33
0.527689,3.0610e-39
0.698145,9.5745e-28
0.691496,4.6200e-28
0.753303,3.0477e-25
0.738114,7.5914e-26
0.693058,7.0390e-28
0.752514,3.6147e-25
0.769517,1.7966e-24
0.798188,2.3706e-23
0.928628,2.4130e-19
0.989128,8.2826e-18
1.154389,1.1165e-14
1.201810,7.4516e-14
0.579302,3.5308e-33
1.428648,4.7470e-11
1.510499,3.2022e-10
1.574640,1.3325e-09
1.420345,1.1600e-10
0.816714,2.3964e-20
1.150699,2.0622e-13
1.352727,6.1419e-11
1.245776,5.7408e-12
1.219425,1.8127e-12
1.068646,6.7205e-15
1.033707,7.5518e-16
0.885235,1.8964e-19
0.822807,1.4117e-21
0.767299,9.2025e-24
0.661150,9.8203e-29
0.626623,7.6918e-31
0.601408,1.4008e-32
0.526509,1.3987e-38
0.564564,1.7402e-35
0.541131,1.5571e-37
0.527375,6.5126e-39
0.566008,8.7055e-36
0.452298,1.7442e-47
0.446477,2.1317e-48
0.481665,4.5429e-44
0.476477,9.9127e-45
0.473825,4.5765e-45
0.471629,2.3313e-45
0.470497,1.5765e-45
0.467870,6.8459e-46
0.467566,5.5608e-46
0.463682,1.6427e-46
1.568898,5.5084e-12
1.625489,2.0989e-11
1.616347,1.8318e-11
1.654215,4.8012e-11
1.691306,1.4495e-10
1.904875,6.1933e-09
1.948016,1.2982e-08
2.056247,8.4735e-08
2.050759,9.1157e-08
1.909332,2.2085e-08
1.922049,3.4803e-08
1.962563,6.2812e-08
1.996815,1.0411e-07
2.077384,2.5714e-07
1.992859,1.2393e-07
1.983919,1.2033e-07
1.985982,9.6648e-08
1.981991,9.6793e-08
1.986543,1.0015e-07
1.977277,9.0808e-08
1.962770,1.1270e-07
1.878696,4.8273e-08
1.717111,6.4482e-09
1.615294,1.1939e-09
1.602066,8.4534e-10
1.620052,1.0644e-09
1.657170,2.1635e-09
1.630175,1.4997e-09
1.598186,6.8166e-10
1.583913,3.4093e-10
1.484337,5.6579e-11
1.422892,1.1567e-11
1.337527,1.0668e-12
1.202172,1.1446e-14
1.082611,6.2196e-17
0.945724,2.7943e-20
0.812312,6.2900e-25
0.954707,1.9161e-20
0.927104,3.3679e-21
0.928630,4.4509e-21
0.928681,1.3139e-20
0.305118,3.1564e-84
0.308694,1.5089e-82
0.306176,8.1081e-84
0.300525,1.2518e-86
0.295811,6.4559e-89
0.297232,1.0414e-88
0.276606,1.2881e-97
0.254915,9.1360e-109
0.127120,4.5326e-265
0.106284,0.0000e+00
0.108300,4.9407e-324
0.098159,0.0000e+00
0.090774,0.0000e+00
0.084440,0.0000e+00
0.082586,0.0000e+00
0.083239,0.0000e+00
0.086926,0.0000e+00
0.125803,2.7084e-266
0.109709,7.8486e-319
0.077565,0.0000e+00
0.072588,0.0000e+00
0.198203,5.0078e-153
0.289188,3.3200e-95
0.344016,1.1482e-76
0.339532,5.7634e-78
0.314341,8.9696e-86
0.297269,2.9714e-92
0.309988,7.2749e-88
0.330251,2.0211e-81
0.343297,1.8398e-77
0.396075,3.3352e-64
0.438001,3.6355e-56
0.312461,5.7493e-90
0.542149,1.3773e-44
0.579440,6.6905e-41
0.693361,1.2984e-32
0.725593,9.2298e-31
0.729362,1.7717e-30
0.734861,3.6721e-30
0.675180,1.5120e-33
0.682617,3.7678e-33
0.779669,4.4164e-28
0.813291,1.5199e-26
0.842583,2.8211e-25
0.660751,6.5994e-34
0.685922,4.0862e-32
0.720091,5.6981e-30
0.747777,2.3627e-28
0.777018,8.8525e-27
1.385498,3.6541e-13
1.378951,4.1695e-13
1.360682,2.9227e-13
1.327491,1.0533e-13
1.378551,3.7625e-13
1.406847,7.5421e-13
0.898833,6.0165e-22
1.537407,1.5925e-11
1.018970,6.7428e-19
0.957047,1.2661e-20
0.910827,2.1262e-22
0.901148,2.7657e-22
0.884226,2.9285e-23
0.847822,1.2239e-24
0.861303,7.1345e-24
1.118353,8.0554e-18
1.162088,8.9908e-17
1.487581,2.2883e-12
1.524706,4.8208e-12
1.406512,2.0861e-13
1.087464,1.6799e-18
0.896322,5.0622e-23
0.801261,4.4996e-27
0.754454,7.9579e-30
0.545956,2.2790e-46
0.336259,6.9464e-87
0.526336,7.9679e-50
0.518656,2.2889e-50
0.511002,1.2824e-50
0.496367,1.1711e-51
0.468494,2.8651e-55
0.422715,3.0329e-63
0.398256,1.6329e-68
0.384616,2.4904e-71
0.372694,2.5577e-74
0.362640,1.4479e-77
0.354849,1.1761e-78
0.455934,4.4159e-56
0.557932,1.5628e-42
0.630504,6.5928e-36
0.833943,1.0022e-24
0.886645,9.6564e-23
0.517919,4.6556e-46
0.516504,4.8425e-46
0.512392,1.8895e-46
0.923701,1.9915e-21
0.504097,1.2417e-47
0.514071,9.7636e-47
0.516468,7.5230e-47
0.462577,3.7280e-54
0.433242,7.6683e-59
0.335956,1.3273e-81
0.320160,4.3567e-88
0.659742,2.3829e-34
0.629700,8.1935e-37
0.615983,5.6778e-38
0.126976,6.1108e-255
0.240616,2.0836e-112
0.261162,2.6659e-101
0.375364,9.2901e-64
0.334617,1.6052e-72
0.325299,4.3865e-74
0.324051,3.0953e-75
0.321422,6.1690e-76
0.320516,1.3419e-76
0.317009,5.2903e-78
0.313362,3.4405e-79
0.313017,2.6759e-79
0.311785,1.0358e-79
0.346828,2.0723e-69
0.346361,1.3849e-69
0.322623,5.1285e-76
0.355704,4.7970e-67
0.359062,3.7585e-66
0.362137,2.1958e-65
0.366620,3.5968e-64
0.371579,6.8099e-63
0.386421,1.1051e-59
0.382307,2.7500e-60
0.383268,6.7170e-60
0.425465,2.3437e-52
0.391275,4.7792e-58
0.433317,6.0127e-51
0.437860,3.4980e-50
0.443526,2.8697e-49
0.449167,1.8385e-48
0.455823,1.4340e-47
0.447470,1.1397e-48
0.540563,2.2395e-38
0.503809,7.2946e-42
0.546664,8.8890e-38
0.536352,1.1917e-38
0.537894,1.7932e-38
0.554933,5.7307e-37
0.613687,1.2731e-32
0.588603,2.5612e-34
0.589665,3.2841e-34
0.598011,1.3696e-33
0.527689,3.0610e-39
0.698145,9.5745e-28
0.691496,4.6200e-28
0.753303,3.0477e-25
0.738114,7.5914e-26
0.693058,7.0390e-28
0.752514,3.6147e-25
0.769517,1.7966e-24
0.798188,2.3706e-23
0.928628,2.4130e-19
0.989128,8.2826e-18
1.154389,1.1165e-14
1.201810,7.4516e-14
0.579302,3.5308e-33
1.428648,4.7470e-11
1.510499,3.2022e-10
1.574640,1.3325e-09
1.420345,1.1600e-10
0.816714,2.3964e-20
1.150699,2.0622e-13
1.352727,6.1419e-11
1.245776,5.7408e-12
1.219425,1.8127e-12
1.068646,6.7205e-15
1.033707,7.5518e-16
0.885235,1.8964e-19
0.822807,1.4117e-21
0.767299,9.2025e-24
0.661150,9.8203e-29
0.626623,7.6918e-31
0.601408,1.4008e-32
0.526509,1.3987e-38
0.564564,1.7402e-35
0.541131,1.5571e-37
0.527375,6.5126e-39
0.566008,8.7055e-36
0.452298,1.7442e-47
0.446477,2.1317e-48
0.481665,4.5429e-44
0.476477,9.9127e-45
0.473825,4.5765e-45
0.471629,2.3313e-45
0.470497,1.5765e-45
0.467870,6.8459e-46
0.467566,5.5608e-46
0.463682,1.6427e-46
0.126976,6.1108e-255
0.240616,2.0836e-112
0.261162,2.6659e-101
0.375364,9.2901e-64
0.334617,1.6052e-72
0.325299,4.3865e-74
0.324051,3.0953e-75
0.321422,6.1690e-76
0.320516,1.3419e-76
0.317009,5.2903e-78
0.313362,3.4405e-79
0.313017,2.6759e-79
0.311785,1.0358e-79
0.346828,2.0723e-69
0.346361,1.3849e-69
0.322623,5.1285e-76
0.355704,4.7970e-67
0.359062,3.7585e-66
0.362137,2.1958e-65
0.366620,3.5968e-64
0.371579,6.8099e-63
0.386421,1.1051e-59
0.382307,2.7500e-60
0.383268,6.7170e-60
0.425465,2.3437e-52
0.391275,4.7792e-58
0.433317,6.0127e-51
0.437860,3.4980e-50
0.443526,2.8697e-49
0.449167,1.8385e-48
0.455823,1.4340e-47
0.447470,1.1397e-48
0.540563,2.2395e-38
0.503809,7.2946e-42
0.546664,8.8890e-38
0.536352,1.1917e-38
0.537894,1.7932e-38
0.554933,5.7307e-37
0.613687,1.2731e-32
0.588603,2.5612e-34
0.589665,3.2841e-34
0.598011,1.3696e-33
0.527689,3.0610e-39
0.698145,9.5745e-28
0.691496,4.6200e-28
0.753303,3.0477e-25
0.738114,7.5914e-26
0.693058,7.0390e-28
0.752514,3.6147e-25
0.769517,1.7966e-24
0.798188,2.3706e-23
0.928628,2.4130e-19
0.989128,8.2826e-18
1.154389,1.1165e-14
1.201810,7.4516e-14
0.579302,3.5308e-33
1.428648,4.7470e-11
1.510499,3.2022e-10
1.574640,1.3325e-09
1.420345,1.1600e-10
0.816714,2.3964e-20
1.150699,2.0622e-13
1.352727,6.1419e-11
1.245776,5.7408e-12
1.219425,1.8127e-12
1.068646,6.7205e-15
1.033707,7.5518e-16
0.885235,1.8964e-19
0.822807,1.4117e-21
0.767299,9.2025e-24
0.661150,9.8203e-29
0.626623,7.6918e-31
0.601408,1.4008e-32
0.526509,1.3987e-38
0.564564,1.7402e-35
0.541131,1.5571e-37
0.527375,6.5126e-39
0.566008,8.7055e-36
0.452298,1.7442e-47
0.446477,2.1317e-48
0.481665,4.5429e-44
0.476477,9.9127e-45
0.473825,4.5765e-45
0.471629,2.3313e-45
0.470497,1.5765e-45
0.467870,6.8459e-46
0.467566,5.5608e-46
0.463682,1.6427e-46
1.199579,2.0584e-14
1.193921,2.1459e-14
1.210480,4.5798e-14
1.214933,7.0904e-14
1.225555,1.2023e-13
1.224662,1.4022e-13
1.235086,2.2094e-13
1.356176,5.5258e-12
1.298163,1.2049e-12
1.304834,1.4870e-12
1.308332,1.6088e-12
1.308253,1.4140e-12
1.306103,1.1236e-12
1.429564,2.6588e-11
1.435275,2.8647e-11
1.465490,4.5595e-11
1.479126,5.5938e-11
1.533954,3.5310e-10
1.564722,6.4704e-10
1.603997,1.4052e-09
1.690325,3.9182e-09
1.218425,1.6401e-13
1.976852,2.5967e-08
2.016333,4.3303e-08
2.065982,7.5755e-08
2.088190,9.6970e-08
2.085090,1.2334e-07
2.193571,3.3971e-07
2.211323,3.9525e-07
2.246419,5.3535e-07
2.256121,5.7605e-07
2.282896,7.3542e-07
2.174310,3.5697e-07
2.233426,6.3656e-07
2.009065,9.1372e-08
2.047631,1.4824e-07
2.110135,2.9010e-07
2.206615,6.9667e-07
2.303963,1.5160e-06
2.384471,2.7971e-06
2.491293,6.1518e-06
2.592788,1.2772e-05
2.688776,2.5892e-05
2.789269,4.6229e-05
2.968578,1.4332e-04
3.250405,5.7603e-04
3.396153,1.3400e-03
3.699665,4.3998e-03
4.130223,1.8095e-02
4.654421,5.7130e-02
5.223838,1.5896e-01
5.900719,3.8598e-01
5.988542,7.7478e-01
6.383068,1.2415e+00
6.054944,2.4216e+00
6.240920,2.9399e+00
2.948352,2.4313e+00
3.224024,2.4489e+00
2.871266,2.1447e+00
2.796367,1.6971e+00
2.713333,9.6656e-01
2.568439,3.4285e-01
2.469314,1.4627e-01
2.154499,3.5189e-02
2.306825,1.7826e-02
2.032146,3.2092e-03
1.968609,9.1502e-04
1.912166,2.5503e-04
1.687118,2.0050e-05
1.630284,3.9355e-06
1.580795,7.5422e-07
1.537091,1.4336e-07
1.491477,2.6947e-08
1.443521,4.7729e-09
1.396964,8.1133e-10
1.350793,1.2546e-10
1.200170,1.2075e-12
1.161977,1.4095e-13
1.125652,1.6890e-14
0.980517,1.7176e-17
0.919964,2.8635e-19
0.794313,1.9351e-23
0.753198,1.9535e-25
0.406098,7.3645e-56
0.431775,1.1202e-51
0.425530,1.3364e-52
0.423031,5.9114e-53
0.434097,3.1030e-51
0.450282,6.4054e-49
0.396688,2.3360e-57
0.398574,5.4668e-57
0.363247,5.2735e-64
0.493400,1.8461e-43
0.551903,1.0395e-37
0.526832,7.0843e-40
0.615456,9.4475e-33
0.740109,5.5457e-26
0.937195,2.0402e-19
1.545675,1.1704e-10
1.555981,1.8372e-10
1.599027,6.1217e-10
1.463401,1.0896e-10
1.121226,4.6486e-14
1.133158,3.3370e-13
0.999904,6.3832e-15
1.026121,4.2645e-15
0.854680,7.8872e-20
0.760965,4.3078e-24
0.614945,1.3834e-32
0.549454,1.2834e-38
0.457682,6.4855e-49
0.347727,1.9593e-68
0.394657,1.7552e-57
0.394293,3.8554e-57
0.683918,2.0968e-30
0.514674,8.7775e-43
0.538029,2.7322e-40
0.565733,6.3261e-38
0.586885,2.4506e-36
0.598968,2.3881e-35
0.882885,8.2764e-22
0.967692,2.0533e-19
1.005750,2.5796e-18
1.125468,7.2735e-16
1.245486,4.7390e-14
1.249267,5.0984e-14
1.264267,7.7305e-14
1.293426,1.7032e-13
1.350424,8.2036e-13
0.876565,2.3911e-21
0.916019,4.1678e-20
1.251668,8.6264e-14
1.400347,5.2212e-12
1.437200,1.5340e-11
1.607088,6.3394e-10
1.146287,2.7112e-14
1.067352,4.4502e-15
1.048573,3.9844e-15
2.008708,3.6090e-07
1.949628,1.4992e-07
1.032816,4.6503e-16
1.049292,8.9036e-16
1.100340,1.0391e-14
1.783642,3.5706e-08
1.553909,3.4371e-09
1.598845,1.8223e-08
1.599763,3.1790e-08
1.335696,1.1851e-10
2.063153,5.2022e-07
1.493758,1.8105e-10
1.302442,4.7484e-13
1.241203,2.2076e-14
1.267167,4.8768e-14
1.344598,1.2503e-12
1.395197,1.4895e-11
1.410007,3.7501e-11
1.391061,2.2711e-11
1.375899,1.6483e-11
1.340038,7.5163e-12
1.293152,1.5413e-12
1.238239,1.6126e-13
1.204827,3.2856e-14
1.221492,4.4149e-14
1.238264,9.0040e-14
1.296839,6.2011e-13
1.356849,3.0211e-12
1.452191,2.5864e-11
1.325449,1.0451e-12
1.255812,1.2364e-13
1.178522,9.1886e-15
1.124303,1.2788e-15
1.073732,1.2941e-16
1.035186,1.4789e-17
0.985143,2.1883e-18
0.947439,2.8021e-19
0.920895,6.0980e-20
0.900735,1.7570e-20
0.883008,5.9700e-21
0.870833,2.9848e-21
0.846602,5.4313e-22
0.829960,2.0620e-22
0.810466,6.6430e-23
0.783664,3.4125e-23
0.764299,5.9256e-24
0.744001,6.4166e-25
0.718665,3.0976e-26
0.684871,5.6107e-28
1.212605,3.0219e-13
1.635572,2.8250e-09
2.555559,6.4567e-06
2.618745,1.0626e-05
2.677423,1.6303e-05
2.756659,2.8147e-05
2.821428,4.4471e-05
2.792802,4.4813e-05
2.903302,9.1439e-05
3.045380,2.0254e-04
3.269263,5.6643e-04
3.561112,1.7623e-03
3.888967,4.8701e-03
4.130909,1.2095e-02
4.484871,2.9594e-02
4.842326,6.0665e-02
1.920984,1.6745e-04
1.917716,2.3110e-04
1.895821,1.5143e-04
1.550985,5.9553e-06
1.522770,1.6773e-06
1.350558,5.9543e-08
1.304151,7.1237e-09
1.146612,6.5504e-11
1.137436,1.8245e-11
1.235469,9.8453e-11
1.327937,4.0105e-10
1.301054,1.2826e-10
1.273398,3.6330e-11
1.246905,1.0517e-11
1.105436,9.9358e-14
1.907329,2.0579e-07
0.126976,6.1108e-255
0.240616,2.0836e-112
0.261162,2.6659e-101
0.375364,9.2901e-64
0.334617,1.6052e-72
0.325299,4.3865e-74
0.324051,3.0953e-75
0.321422,6.1690e-76
0.320516,1.3419e-76
0.317009,5.2903e-78
0.313362,3.4405e-79
0.313017,2.6759e-79
0.311785,1.0358e-79
0.346828,2.0723e-69
0.346361,1.3849e-69
0.322623,5.1285e-76
0.355704,4.7970e-67
0.359062,3.7585e-66
0.362137,2.1958e-65
0.366620,3.5968e-64
0.371579,6.8099e-63
0.386421,1.1051e-59
0.382307,2.7500e-60
0.383268,6.7170e-60
0.425465,2.3437e-52
0.391275,4.7792e-58
0.433317,6.0127e-51
0.437860,3.4980e-50
0.443526,2.8697e-49
0.449167,1.8385e-48
0.455823,1.4340e-47
0.447470,1.1397e-48
0.540563,2.2395e-38
0.503809,7.2946e-42
0.546664,8.8890e-38
0.536352,1.1917e-38
0.537894,1.7932e-38
0.554933,5.7307e-37
0.613687,1.2731e-32
0.588603,2.5612e-34
0.589665,3.2841e-34
0.598011,1.3696e-33
0.527689,3.0610e-39
0.698145,9.5745e-28
0.691496,4.6200e-28
0.753303,3.0477e-25
0.738114,7.5914e-26
0.693058,7.0390e-28
0.752514,3.6147e-25
0.769517,1.7966e-24
0.798188,2.3706e-23
0.928628,2.4130e-19
0.989128,8.2826e-18
1.154389,1.1165e-14
1.201810,7.4516e-14
0.579302,3.5308e-33
1.428648,4.7470e-11
1.510499,3.2022e-10
1.574640,1.3325e-09
1.420345,1.1600e-10
0.816714,2.3964e-20
1.150699,2.0622e-13
1.352727,6.1419e-11
1.245776,5.7408e-12
1.219425,1.8127e-12
1.068646,6.7205e-15
1.033707,7.5518e-16
0.885235,1.8964e-19
0.822807,1.4117e-21
0.767299,9.2025e-24
0.661150,9.8203e-29
0.626623,7.6918e-31
0.601408,1.4008e-32
0.526509,1.3987e-38
0.564564,1.7402e-35
0.541131,1.5571e-37
0.527375,6.5126e-39
0.566008,8.7055e-36
0.452298,1.7442e-47
0.446477,2.1317e-48
0.481665,4.5429e-44
0.476477,9.9127e-45
0.473825,4.5765e-45
0.471629,2.3313e-45
0.470497,1.5765e-45
0.467870,6.8459e-46
0.467566,5.5608e-46
0.463682,1.6427e-46
0.366318,7.4516e-68
0.375930,1.9663e-65
0.388638,1.7873e-62
0.403479,1.4005e-59
0.426105,1.0643e-56
0.500203,1.0737e-47
0.267957,1.4935e-104
0.398682,8.6237e-63
0.463164,8.4951e-52
0.553683,3.1438e-41
0.514497,5.2585e-45
0.606922,1.4919e-36
0.624618,2.4977e-35
0.548495,1.3251e-41
0.560978,1.6309e-40
0.634145,9.4670e-35
0.487871,4.2785e-48
0.489222,7.6587e-48
0.538488,1.9811e-42
0.585585,3.0632e-38
0.551981,4.0305e-41
0.570630,2.5116e-39
0.587640,1.0361e-37
0.503927,2.1078e-45
0.757191,3.1558e-27
0.704344,1.3190e-29
0.660734,6.3550e-32
0.642707,5.3434e-33
0.597400,3.0271e-36
0.689554,2.3600e-30
0.495425,7.0740e-46
0.487837,5.1892e-47
0.478736,1.8714e-48
0.462499,7.8865e-51
0.479432,8.3479e-49
0.516430,9.4841e-45
0.522806,1.9547e-44
0.488521,9.7149e-49
0.493881,2.7995e-48
0.505920,6.1041e-47
0.500171,7.7244e-48
0.523850,2.0043e-45
0.602698,4.3053e-38
0.647742,1.4845e-35
0.622936,1.5619e-37
0.590144,1.3474e-39
0.557184,1.0410e-41
0.573660,1.9081e-40
0.586580,3.9288e-39
0.333522,3.2147e-82
0.605274,4.9236e-38
0.602625,3.1078e-38
0.600081,1.5938e-38
0.594314,5.1700e-39
0.580613,4.4436e-40
0.558667,5.5542e-42
0.552321,1.6382e-42
0.541882,1.7021e-43
0.528575,7.3967e-45
0.521095,1.2555e-45
0.504051,1.3165e-47
0.487747,1.1263e-49
0.489941,2.0566e-49
0.486439,4.3065e-50
0.485320,1.2953e-50
0.459109,6.7997e-55
0.432135,1.0219e-59
0.399571,1.5572e-66
0.375942,9.4397e-73
0.356167,4.4656e-79
0.337238,4.4533e-86
0.325199,2.0032e-91
0.322620,1.7403e-93
0.294470,1.1663e-84
0.299345,1.0074e-82
0.298471,6.7330e-83
0.299642,2.2227e-82
0.304338,9.7232e-81
0.336672,5.8529e-71
0.340962,9.6719e-70
0.349298,1.4005e-67
0.345901,2.4555e-68
0.349354,2.0249e-67
0.352621,1.3302e-66
0.356841,1.4249e-65
0.391372,2.9655e-58
0.393593,9.1944e-58
0.398525,7.6687e-57
0.404930,9.5657e-56
0.406373,1.5068e-55
0.421144,3.9507e-53
0.381105,2.9742e-60
0.424416,1.4183e-52
0.477541,2.5867e-45
0.495631,3.1363e-43
0.500357,1.0776e-42
0.524500,3.1856e-40
0.529111,9.1470e-40
0.475290,2.1898e-45
0.581388,3.0778e-35
0.644754,6.3139e-31
0.647241,1.0303e-30
0.728666,1.7700e-26
0.901542,2.3248e-20
1.240211,2.3218e-14
1.187344,4.0291e-15
1.237502,4.5780e-14
1.301302,3.5902e-13
1.366511,2.3553e-12
1.422606,1.0366e-11
1.496267,5.9070e-11
1.518043,1.0246e-10
1.523161,1.2223e-10
1.546333,2.0343e-10
1.502379,9.0080e-11
1.421215,1.6988e-11
1.386762,7.8557e-12
1.388537,8.2469e-12
1.427470,2.0510e-11
1.494182,8.8288e-11
1.606960,7.3420e-10
1.717892,4.2320e-09
1.834782,2.0707e-08
1.883105,5.6611e-08
1.945572,9.1534e-08
2.136928,5.2448e-07
2.151100,6.0094e-07
2.179119,1.1038e-06
2.219156,4.5123e-06
1.184639,7.0278e-11
1.827413,7.7718e-06
2.168348,2.4571e-04
2.142676,1.6964e-04
1.860062,1.0069e-05
1.333226,3.7997e-09
1.857181,8.6512e-07
1.107825,4.0049e-13
1.063822,1.8408e-14
1.508117,6.2953e-10
1.450329,1.3376e-10
0.798149,6.6004e-22
1.234519,3.4728e-13
1.053407,4.0513e-16
0.897672,1.0267e-19
0.746156,7.4832e-25
0.710163,1.4572e-26
0.645523,5.0963e-30
